8
8
9
10
12
18
29
53
68
79
82
86
110
123
130
134
144
156
175
184
190
216
219
226
238
256
303
304
312
312
314
329
348
354
361
364
370
377
378
379
384
392
450
476
476
480
504
520
530
548
559
566
583
586
587
604
610
660
676
694
694
699
719
724
728
736
736
746
751
762
776
794
831
834
838
856
865
868
914
964
965
974
980
985
990
1000
1008
1015
1040
1053
1057
1064
1064
1081
1112
1120
1139
1148
1149
1151
1170
1227
1234
1234
1238
1253
1273
1278
1286
1287
1294
1307
1309
1311
1312
1318
1327
1333
1340
1343
1377
1398
1404
1412
1422
1428
1430
1435
1438
1452
1453
1480
1510
1519
1545
1547
1565
1566
1574
1577
1582
1602
1611
1624
1627
1627
1637
1650
1660
1665
1671
1677
1679
1684
1692
1696
1712
1725
1733
1735
1742
1743
1749
1758
1762
1769
1795
1806
1822
1827
1828
1834
1841
1852
1860
1868
1871
1875
1902
1929
1933
1938
1949
1955
1967
1968
2004
2004
2044
2052
2053
2055
2072
2073
2095
2110
2125
2125
2136
2148
2172
2187
2191
2197
2209
2212
2254
2259
2283
2284
2288
2290
2306
2308
2314
2317
2321
2330
2339
2346
2401
2402
2417
2427
2450
2459
2462
2478
2479
2494
2495
2498
2499
2519
2524
2527
2539
2545
2557
2564
2573
2578
2581
2585
2598
2607
2609
2611
2616
2617
2618
2619
2634
2635
2636
2636
2645
2650
2665
2676
2678
2694
2698
2700
2717
2736
2743
2743
2744
2747
2753
2758
2760
2783
2798
2799
2809
2824
2841
2850
2854
2860
2862
2863
2872
2873
2881
2883
2895
2926
2929
2935
2957
2965
2986
2995
2999
3008
3008
3009
3010
3012
3021
3025
3026
3039
3046
3049
3062
3063
3068
3079
3081
3088
3091
3110
3125
3128
3164
3167
3181
3186
3190
3196
3209
3210
3214
3231
3232
3243
3243
3246
3254
3258
3265
3273
3277
3281
3286
3326
3336
3361
3374
3375
3398
3423
3425
3426
3440
3443
3444
3480
3484
3485
3485
3496
3514
3523
3540
3579
3582
3586
3602
3613
3620
3632
3635
3639
3652
3676
3682
3685
3690
3694
3707
3709
3727
3730
3738
3740
3751
3753
3768
3769
3772
3778
3784
3786
3803
3808
3811
3838
3846
3853
3854
3858
3858
3860
3864
3869
3879
3893
3904
3928
3945
3957
3960
3977
3987
3989
3995
3998
3999
4008
4012
4016
4030
4032
4034
4047
4057
4070
4071
4076
4085
4095
4107
4116
4120
4127
4137
4141
4172
4176
4182
4197
4201
4202
4235
4245
4246
4265
4266
4289
4295
4312
4313
4316
4322
4327
4343
4351
4353
4362
4364
4369
4383
4386
4397
4401
4449
4453
4474
4479
4488
4502
4506
4507
4509
4510
4514
4521
4528
4534
4574
4577
4582
4588
4592
4596
4603
4617
4617
4631
4643
4653
4700
4739
4743
4760
4764
4771
4832
4834
4837
4843
4858
4862
4873
4894
4918
4924
4926
4926
4927
4938
4946
4967
4969
4972
4983
5005
5020
5022
5032
5033
5038
5055
5060
5062
5075
5078
5114
5140
5147
5149
5150
5156
5159
5172
5173
5194
5196
5196
5196
5201
5211
5230
5236
5259
5276
5298
5304
5306
5312
5317
5318
5323
5348
5350
5358
5362
5362
5373
5377
5392
5394
5401
5405
5464
5478
5491
5495
5503
5528
5538
5541
5558
5568
5575
5599
5625
5629
5632
5633
5638
5640
5640
5652
5655
5656
5697
5709
5719
5720
5727
5770
5797
5809
5829
5831
5833
5837
5838
5843
5852
5863
5865
5865
5876
5877
5890
5912
5923
5935
5937
5941
5949
5950
5951
5957
5958
5962
5980
5981
5984
5986
5995
5998
6011
6018
6018
6024
6046
6066
6084
6091
6092
6092
6094
6094
6100
6110
6113
6117
6130
6149
6173
6177
6187
6205
6213
6215
6220
6222
6238
6240
6261
6273
6287
6290
6301
6311
6316
6317
6322
6339
6339
6339
6360
6367
6369
6383
6393
6399
6412
6416
6428
6452
6487
6497
6509
6510
6515
6522
6551
6580
6585
6585
6598
6599
6599
6612
6632
6664
6682
6694
6701
6725
6732
6734
6739
6740
6746
6751
6753
6754
6767
6795
6802
6814
6817
6846
6853
6853
6854
6860
6868
6869
6871
6884
6904
6917
6921
6921
6936
6937
6937
6958
6997
6999
7008
7018
7029
7029
7031
7036
7037
7038
7046
7049
7106
7114
7119
7122
7122
7127
7146
7153
7160
7172
7173
7211
7211
7259
7259
7272
7273
7276
7330
7348
7349
7362
7367
7400
7403
7416
7420
7444
7465
7489
7506
7514
7516
7519
7521
7521
7535
7538
7545
7546
7551
7555
7567
7572
7576
7580
7588
7600
7602
7606
7607
7614
7635
7635
7637
7647
7672
7692
7696
7722
7725
7730
7734
7737
7738
7752
7757
7772
7776
7790
7809
7817
7838
7853
7861
7861
7866
7871
7885
7891
7899
7925
7928
7934
7997
8008
8020
8027
8039
8055
8064
8074
8090
8098
8100
8103
8113
8120
8120
8124
8148
8156
8181
8244
8245
8250
8282
8293
8303
8310
8317
8372
8373
8375
8375
8379
8388
8388
8405
8405
8408
8414
8435
8445
8468
8472
8474
8498
8515
8519
8522
8526
8545
8556
8560
8566
8573
8574
8574
8576
8577
8580
8586
8599
8602
8620
8625
8625
8629
8638
8663
8675
8679
8683
8685
8725
8734
8761
8762
8774
8776
8802
8810
8820
8840
8886
8888
8897
8919
8942
8975
8975
8979
8983
8984
8990
8991
8992
8996
9012
9013
9043
9047
9055
9068
9074
9087
9094
9096
9098
9135
9167
9174
9186
9190
9198
9207
9229
9237
9238
9249
9250
9253
9291
9314
9355
9361
9363
9366
9367
9382
9392
9412
9419
9419
9424
9426
9443
9444
9458
9458
9462
9480
9482
9485
9488
9525
9561
9571
9606
9610
9626
9628
9652
9660
9669
9682
9709
9714
9715
9738
9744
9757
9757
9759
9777
9797
9807
9821
9831
9838
9855
9855
9863
9868
9869
9871
9880
9882
9896
9906
9907
9908
9911
9912
9914
9918
9919
9925
9927
9929
9939
9943
9966
9977
9979
10005
10010
10013
10014
10047
10057
10072
10076
10086
10111
10115
10137
10138
10142
10148
10150
10162
10167
10167
10184
10186
10189
10195
10206
10232
10260
10273
10281
10311
10319
10322
10352
10366
10391
10411
10417
10433
10441
10441
10486
10492
10500
10531
10548
10555
10559
10579
10593
10594
10601
10610
10612
10622
10659
10660
10672
10673
10683
10685
10691
10697
10706
10710
10711
10711
10718
10734
10739
10741
10768
10793
10795
10796
10800
10812
10812
10825
10828
10832
10836
10838
10868
10876
10879
10881
10906
10914
10938
10943
10946
10948
10966
10971
10995
10999
11006
11028
11036
11041
11059
11070
11096
11102
11133
11137
11166
11175
11175
11183
11197
11200
11206
11225
11237
11239
11243
11253
11265
11266
11275
11287
11327
11329
11332
11341
11344
11354
11394
11401
11411
11414
11415
11418
11422
11442
11449
11455
11460
11464
11471
11475
11475
11480
11493
11494
11497
11507
11511
11518
11542
11546
11576
11608
11611
11651
11657
11662
11672
11691
11697
11698
11715
11716
11724
11729
11741
11763
11778
11786
11788
11809
11825
11825
11828
11838
11845
11845
11853
11876
11894
11903
11913
11916
11941
11943
11973
12001
12002
12017
12023
12023
12042
12045
12045
12045
12048
12052
12082
12102
12108
12111
12114
12116
12125
12129
12131
12134
12139
12153
12155
12182
12194
12203
12209
12209
12226
12231
12234
12235
12242
12249
12255
12260
12293
12307
12309
12348
12354
12356
12365
12376
12384
12398
12404
12406
12414
12437
12443
12454
12483
12490
12524
12540
12542
12552
12565
12567
12569
12581
12615
12615
12626
12628
12629
12637
12641
12642
12645
12657
12665
12676
12685
12687
12689
12695
12701
12710
12713
12736
12751
12782
12786
12814
12829
12830
12834
12840
12841
12870
12874
12890
12951
12966
12980
12993
13017
13029
13058
13073
13079
13092
13096
13100
13112
13116
13128
13131
13133
13142
13142
13144
13145
13146
13161
13161
13163
13180
13181
13184
13187
13191
13199
13208
13216
13223
13235
13235
13246
13263
13265
13271
13280
13285
13298
13302
13318
13322
13331
13356
13361
13369
13376
13378
13387
13420
13428
13440
13468
13471
13474
13483
13488
13489
13495
13519
13527
13531
13544
13550
13587
13591
13596
13599
13610
13613
13620
13635
13684
13703
13710
13713
13713
13714
13720
13721
13721
13724
13732
13735
13738
13752
13759
13768
13768
13771
13780
13780
13787
13788
13792
13847
13852
13879
13919
13926
13927
13929
13930
13939
13950
13957
13981
14002
14007
14013
14025
14029
14029
14032
14049
14050
14053
14055
14059
14074
14090
14093
14097
14110
14113
14113
14121
14131
14134
14134
14164
14173
14177
14199
14204
14205
14211
14212
14216
14236
14238
14246
14246
14251
14257
14261
14261
14263
14266
14267
14273
14282
14283
14293
14302
14306
14309
14312
14314
14335
14336
14340
14342
14344
14345
14347
14372
14386
14409
14409
14420
14428
14464
14465
14475
14487
14492
14494
14497
14499
14504
14511
14512
14515
14522
14562
14566
14576
14600
14609
14609
14615
14620
14626
14627
14663
14668
14670
14680
14690
14698
14713
14723
14732
14734
14773
14782
14807
14823
14827
14831
14853
14855
14862
14875
14877
14879
14880
14893
14938
14952
14987
14996
15002
15023
15039
15082
15088
15090
15094
15102
15115
15126
15130
15141
15154
15154
15155
15164
15179
15182
15207
15213
15213
15228
15230
15235
15251
15262
15265
15276
15293
15325
15332
15354
15358
15358
15364
15369
15370
15383
15397
15401
15405
15410
15414
15416
15430
15433
15438
15451
15453
15463
15469
15492
15495
15503
15503
15504
15516
15525
15540
15562
15586
15586
15598
15636
15648
15675
15678
15683
15686
15688
15699
15748
15753
15764
15770
15779
15783
15785
15785
15790
15800
15806
15813
15827
15847
15868
15874
15887
15892
15895
15917
15918
15922
15922
15932
15946
15955
15958
15966
15966
15988
15993
15997
15997
16009
16020
16022
16028
16039
16040
16044
16053
16068
16092
16093
16103
16115
16124
16127
16137
16145
16163
16167
16179
16186
16193
16202
16209
16212
16230
16232
16238
16277
16287
16294
16299
16300
16319
16330
16337
16350
16365
16372
16373
16377
16396
16398
16406
16427
16431
16433
16453
16476
16478
16505
16516
16522
16538
16559
16564
16565
16575
16578
16604
16612
16631
16653
16665
16670
16670
16675
16676
16680
16685
16708
16713
16721
16726
16733
16739
16747
16759
16770
16770
16777
16790
16798
16799
16802
16808
16816
16847
16865
16869
16910
16918
16932
16942
16944
16950
16963
16964
16965
16990
16999
17001
17002
17006
17009
17010
17021
17029
17041
17045
17056
17060
17062
17065
17089
17102
17124
17132
17155
17165
17170
17172
17176
17185
17185
17191
17193
17197
17205
17208
17215
17229
17231
17241
17242
17263
17270
17276
17287
17311
17322
17340
17345
17384
17388
17398
17406
17411
17423
17423
17427
17431
17436
17451
17462
17464
17475
17500
17511
17512
17530
17538
17546
17565
17585
17611
17645
17656
17668
17670
17685
17689
17693
17712
17721
17729
17740
17750
17756
17768
17808
17811
17824
17847
17848
17850
17855
17861
17864
17864
17882
17882
17887
17894
17894
17907
17912
17922
17923
17925
17929
17936
17948
17959
17959
17964
17967
17967
17970
17981
17984
17995
17998
18009
18012
18016
18047
18049
18052
18065
18080
18106
18111
18124
18133
18142
18150
18163
18194
18234
18238
18247
18254
18268
18282
18288
18292
18298
18307
18311
18318
18332
18337
18341
18345
18350
18369
18370
18371
18378
18379
18387
18399
18406
18411
18432
18474
18503
18503
18511
18512
18513
18513
18518
18533
18543
18551
18552
18555
18560
18563
18574
18612
18616
18631
18665
18674
18677
18691
18701
18716
18734
18736
18737
18737
18738
18741
18747
18758
18789
18819
18821
18829
18832
18873
18905
18941
18944
18957
18958
18974
18979
18984
18989
19006
19020
19020
19021
19024
19026
19056
19059
19083
19094
19113
19114
19125
19126
19144
19144
19149
19179
19190
19206
19208
19209
19214
19215
19229
19235
19240
19241
19259
19279
19289
19301
19309
19314
19357
19363
19375
19380
19398
19403
19406
19411
19414
19449
19455
19458
19496
19501
19523
19527
19532
19536
19537
19551
19561
19564
19570
19584
19597
19613
19615
19616
19623
19628
19648
19661
19666
19670
19690
19696
19724
19725
19766
19784
19793
19797
19799
19813
19815
19844
19845
19856
19862
19879
19885
19903
19920
19931
19931
19940
19965
19996
20000
20000
20000
20003
20012
20018
20018
20018
20021
20024
20026
20028
20030
20034
20035
20040
20047
20048
20057
20061
20064
20083
20089
20100
20125
20126
20135
20136
20138
20146
20158
20212
20224
20241
20247
20254
20263
20267
20272
20283
20290
20306
20322
20334
20368
20379
20402
20418
20425
20430
20437
20441
20442
20449
20480
20491
20499
20530
20543
20552
20553
20558
20589
20592
20592
20610
20621
20628
20639
20650
20665
20673
20676
20687
20701
20702
20716
20726
20730
20732
20754
20764
20784
20784
20788
20795
20827
20848
20862
20864
20870
20881
20900
20929
20957
20958
20963
20976
20987
20988
20993
21016
21017
21048
21052
21063
21065
21075
21079
21092
21100
21104
21116
21128
21142
21156
21178
21179
21192
21194
21198
21237
21250
21263
21269
21270
21279
21299
21325
21328
21342
21343
21348
21358
21369
21376
21395
21414
21466
21467
21475
21491
21492
21506
21511
21520
21529
21530
21539
21545
21557
21560
21568
21570
21585
21594
21596
21600
21605
21608
21615
21624
21649
21664
21677
21682
21683
21685
21721
21732
21733
21741
21754
21759
21763
21768
21779
21782
21796
21812
21813
21826
21840
21865
21866
21881
21892
21894
21899
21905
21905
21906
21910
21929
21949
21951
21959
21980
21989
21992
22008
22028
22033
22037
22077
22089
22091
22116
22122
22124
22136
22142
22155
22165
22180
22185
22201
22210
22233
22242
22256
22264
22274
22281
22300
22304
22314
22319
22323
22331
22334
22337
22338
22340
22362
22362
22372
22373
22407
22419
22421
22428
22441
22443
22444
22465
22466
22507
22509
22509
22511
22540
22540
22544
22557
22593
22595
22629
22631
22632
22649
22661
22672
22676
22696
22705
22721
22731
22737
22745
22750
22757
22771
22775
22787
22792
22794
22794
22805
22827
22830
22830
22842
22857
22863
22868
22870
22877
22913
22919
22966
22991
22995
22995
22996
23007
23009
23018
23021
23022
23023
23039
23054
23056
23063
23063
23067
23072
23091
23098
23108
23118
23119
23129
23143
23146
23146
23164
23168
23171
23175
23197
23198
23205
23215
23224
23230
23248
23251
23254
23262
23278
23287
23293
23326
23332
23346
23356
23368
23368
23371
23376
23389
23396
23400
23431
23433
23433
23436
23449
23462
23472
23477
23479
23482
23492
23492
23498
23499
23507
23510
23522
23537
23545
23566
23570
23577
23636
23640
23640
23644
23669
23675
23686
23697
23720
23726
23726
23732
23743
23746
23802
23812
23827
23828
23830
23842
23848
23857
23858
23873
23879
23891
23893
23907
23914
23920
23927
23931
23938
23946
23957
23966
23966
23969
23976
23976
23985
23986
24002
24005
24028
24046
24062
24067
24085
24090
24091
24097
24097
24098
24098
24102
24106
24138
24182
24184
24195
24227
24232
24238
24242
24248
24252
24255
24256
24260
24273
24273
24283
24299
24312
24323
24334
24345
24351
24381
24390
24393
24402
24408
24410
24415
24418
24419
24423
24428
24433
24442
24443
24447
24448
24474
24497
24509
24510
24516
24517
24522
24551
24556
24561
24566
24601
24608
24613
24622
24624
24650
24652
24660
24669
24683
24689
24703
24704
24704
24707
24714
24717
24744
24754
24760
24784
24805
24813
24837
24860
24867
24868
24874
24879
24883
24886
24929
24935
24951
24954
24956
24965
24967
24992
25005
25044
25051
25063
25077
25088
25089
25092
25118
25120
25131
25141
25154
25156
25163
25194
25196
25198
25215
25220
25222
25224
25231
25231
25245
25256
25288
25304
25328
25343
25344
25345
25355
25359
25360
25369
25376
25380
25395
25397
25397
25402
25402
25406
25421
25432
25443
25485
25485
25508
25519
25531
25539
25551
25555
25558
25567
25583
25598
25634
25634
25636
25637
25655
25658
25674
25676
25695
25697
25700
25702
25710
25734
25750
25752
25767
25767
25787
25794
25796
25800
25806
25807
25808
25821
25829
25842
25845
25852
25861
25865
25870
25870
25886
25889
25889
25895
25907
25917
25938
25946
25961
25967
25967
25976
25980
25984
25987
25998
26002
26006
26015
26021
26030
26041
26102
26106
26117
26119
26122
26130
26151
26159
26174
26213
26236
26255
26258
26263
26264
26281
26315
26323
26335
26337
26339
26346
26411
26413
26418
26438
26473
26476
26486
26492
26498
26502
26512
26516
26539
26540
26541
26573
26591
26609
26624
26644
26645
26663
26678
26682
26685
26698
26699
26701
26705
26731
26739
26741
26742
26743
26757
26759
26769
26799
26799
26801
26812
26827
26829
26832
26843
26844
26852
26854
26855
26864
26880
26896
26912
26918
26922
26938
26944
26970
26971
26972
26979
26980
27021
27033
27039
27058
27062
27082
27092
27094
27134
27142
27145
27146
27163
27186
27201
27201
27204
27222
27241
27250
27252
27287
27289
27296
27301
27301
27305
27306
27314
27321
27325
27334
27347
27367
27375
27375
27392
27403
27405
27406
27432
27435
27455
27463
27464
27476
27477
27479
27500
27501
27517
27538
27539
27545
27554
27557
27579
27591
27601
27609
27613
27618
27633
27635
27637
27642
27664
27665
27677
27681
27713
27733
27769
27776
27777
27777
27826
27848
27849
27868
27885
27894
27903
27914
27925
27931
27932
27966
27967
27970
28000
28013
28017
28040
28089
28100
28102
28106
28121
28126
28143
28145
28148
28149
28149
28153
28162
28163
28164
28170
28186
28192
28199
28213
28239
28249
28250
28255
28267
28269
28276
28278
28286
28294
28303
28307
28324
28324
28334
28341
28343
28348
28356
28363
28365
28380
28403
28408
28426
28439
28459
28466
28494
28498
28498
28507
28507
28533
28534
28556
28573
28606
28621
28623
28632
28632
28662
28665
28670
28692
28695
28710
28731
28741
28745
28750
28757
28804
28805
28811
28812
28813
28830
28842
28858
28899
28906
28911
28933
28952
28956
28971
28981
28988
29039
29042
29049
29064
29067
29069
29071
29078
29080
29081
29086
29100
29106
29114
29116
29127
29137
29154
29164
29165
29186
29199
29214
29238
29262
29263
29264
29275
29301
29324
29346
29355
29367
29371
29389
29392
29419
29441
29441
29448
29501
29503
29510
29510
29520
29539
29545
29549
29550
29554
29558
29564
29569
29575
29583
29653
29665
29680
29684
29725
29730
29739
29748
29757
29766
29769
29777
29791
29801
29825
29830
29835
29840
29842
29858
29863
29864
29865
29876
29878
29893
29896
29904
29921
29944
29950
29954
29986
29993
30006
30018
30025
30048
30072
30077
30078
30083
30102
30105
30112
30122
30133
30141
30147
30153
30177
30199
30201
30203
30203
30213
30215
30220
30236
30241
30245
30253
30254
30258
30259
30266
30272
30288
30305
30306
30348
30348
30349
30362
30371
30373
30373
30374
30378
30387
30388
30406
30422
30430
30444
30446
30448
30450
30463
30464
30465
30494
30500
30516
30520
30551
30566
30587
30596
30601
30605
30617
30620
30668
30675
30678
30679
30683
30695
30696
30701
30701
30707
30719
30727
30735
30782
30798
30804
30808
30809
30824
30832
30847
30847
30848
30854
30855
30862
30909
30922
30942
30955
30967
30970
30974
30985
30994
30997
31009
31009
31026
31029
31031
31041
31077
31082
31090
31116
31123
31142
31158
31179
31188
31206
31210
31222
31233
31239
31242
31243
31245
31252
31272
31274
31282
31282
31283
31283
31292
31310
31326
31347
31357
31380
31387
31388
31422
31425
31438
31443
31445
31449
31456
31456
31464
31470
31493
31498
31514
31527
31531
31536
31538
31559
31566
31568
31591
31596
31604
31610
31617
31620
31623
31625
31654
31661
31674
31678
31682
31697
31710
31716
31726
31728
31732
31740
31752
31753
31754
31754
31761
31807
31847
31853
31860
31863
31870
31877
31896
31897
31898
31905
31932
31934
31938
31942
31942
31945
31949
31952
31958
31966
31968
31970
31974
31975
31979
31983
31990
32040
32046
32047
32071
32087
32089
32100
32107
32131
32146
32148
32150
32152
32173
32177
32185
32196
32197
32204
32211
32213
32221
32228
32261
32263
32292
32302
32304
32313
32316
32325
32330
32339
32340
32351
32354
32356
32366
32378
32401
32403
32417
32430
32435
32455
32456
32481
32487
32488
32490
32492
32494
32498
32527
32529
32547
32552
32557
32579
32584
32590
32595
32602
32604
32608
32610
32634
32637
32647
32664
32677
32689
32690
32692
32705
32723
32742
32742
32744
32748
32755
32769
32781
32783
32802
32815
32849
32855
32858
32859
32875
32885
32891
32903
32917
32923
32925
32932
32959
32983
32991
32996
33001
33003
33005
33031
33049
33050
33058
33059
33064
33066
33071
33075
33080
33109
33126
33149
33167
33178
33220
33230
33236
33237
33239
33245
33270
33281
33296
33324
33334
33338
33350
33355
33356
33363
33393
33433
33457
33462
33476
33476
33503
33515
33530
33535
33537
33570
33576
33589
33601
33606
33638
33647
33654
33678
33682
33683
33693
33717
33717
33719
33739
33744
33756
33759
33761
33765
33768
33777
33777
33782
33795
33797
33807
33810
33819
33833
33843
33877
33891
33909
33910
33918
33922
33925
33949
33984
33999
34021
34024
34027
34040
34041
34042
34043
34066
34081
34081
34139
34162
34173
34174
34191
34207
34213
34217
34243
34244
34249
34249
34269
34272
34274
34275
34278
34287
34293
34308
34310
34310
34323
34326
34334
34340
34341
34341
34358
34359
34375
34387
34397
34403
34411
34416
34435
34437
34439
34442
34448
34460
34518
34524
34524
34525
34536
34537
34549
34551
34573
34574
34598
34614
34614
34636
34647
34666
34691
34698
34709
34711
34715
34718
34731
34741
34748
34754
34761
34765
34780
34783
34798
34806
34815
34816
34833
34839
34870
34875
34880
34887
34890
34902
34907
34908
34916
34941
34947
34951
34961
34966
34971
34981
34996
35009
35011
35049
35054
35062
35068
35077
35079
35091
35094
35103
35112
35113
35133
35138
35152
35170
35170
35184
35188
35194
35202
35203
35223
35227
35247
35253
35254
35269
35287
35298
35307
35311
35321
35326
35343
35345
35384
35402
35403
35403
35405
35410
35431
35432
35452
35459
35477
35497
35498
35504
35519
35537
35551
35565
35567
35574
35587
35590
35615
35615
35644
35647
35653
35690
35713
35722
35726
35728
35736
35741
35741
35743
35760
35766
35767
35788
35791
35797
35802
35813
35819
35830
35832
35849
35851
35851
35869
35871
35882
35882
35884
35888
35922
35933
35945
35955
36000
36003
36005
36009
36019
36046
36066
36067
36084
36092
36097
36103
36112
36121
36139
36151
36155
36187
36189
36190
36194
36201
36209
36237
36238
36248
36262
36281
36297
36309
36317
36322
36337
36340
36345
36345
36345
36359
36365
36374
36395
36421
36439
36461
36477
36485
36488
36492
36504
36540
36568
36568
36571
36596
36605
36627
36650
36658
36671
36682
36703
36710
36712
36756
36756
36765
36768
36778
36801
36804
36817
36821
36836
36879
36881
36906
36923
36927
36932
36934
36937
36939
36972
36976
36977
36981
37001
37012
37018
37025
37035
37038
37046
37058
37071
37102
37138
37169
37172
37173
37178
37181
37192
37193
37207
37209
37223
37245
37252
37256
37261
37261
37272
37275
37308
37311
37318
37322
37324
37330
37338
37347
37348
37352
37365
37368
37370
37380
37383
37391
37399
37400
37401
37414
37415
37425
37456
37479
37481
37496
37520
37521
37526
37539
37549
37603
37628
37635
37647
37661
37670
37670
37682
37710
37711
37723
37730
37751
37757
37779
37792
37804
37817
37831
37863
37873
37875
37882
37886
37890
37908
37916
37918
37925
37927
37943
37956
37957
37976
37982
38013
38034
38036
38048
38050
38050
38068
38071
38073
38081
38091
38093
38098
38105
38107
38108
38135
38143
38152
38169
38173
38180
38192
38195
38199
38217
38230
38231
38235
38240
38241
38265
38265
38286
38296
38299
38300
38308
38323
38331
38352
38362
38368
38372
38376
38378
38407
38433
38435
38460
38460
38461
38480
38482
38510
38517
38522
38534
38547
38552
38561
38567
38579
38579
38579
38585
38587
38604
38620
38644
38654
38665
38671
38674
38677
38698
38699
38701
38707
38708
38711
38724
38742
38768
38772
38783
38798
38800
38827
38832
38833
38836
38855
38860
38885
38907
38925
38940
38966
38968
38968
38973
38985
39008
39012
39049
39049
39060
39075
39094
39094
39096
39099
39100
39105
39111
39114
39115
39130
39135
39148
39155
39159
39176
39178
39201
39208
39210
39216
39218
39227
39243
39260
39264
39278
39309
39335
39347
39376
39383
39390
39399
39424
39431
39443
39446
39456
39456
39462
39464
39466
39497
39499
39513
39519
39521
39536
39542
39545
39568
39606
39613
39617
39629
39630
39630
39633
39633
39652
39673
39677
39703
39712
39718
39726
39742
39746
39764
39777
39786
39798
39799
39811
39831
39833
39841
39852
39854
39859
39859
39867
39889
39894
39913
39917
39927
39936
39940
39949
39965
39970
39973
39975
39981
39986
40009
40015
40027
40036
40041
40062
40063
40068
40096
40106
40109
40177
40184
40198
40203
40209
40213
40222
40242
40254
40254
40254
40267
40268
40271
40280
40282
40283
40284
40286
40302
40306
40342
40350
40364
40375
40383
40387
40390
40401
40404
40430
40432
40434
40439
40446
40448
40456
40474
40482
40483
40490
40509
40510
40511
40511
40522
40532
40539
40556
40583
40586
40593
40595
40595
40614
40617
40629
40642
40645
40650
40661
40666
40672
40686
40687
40710
40713
40732
40735
40749
40751
40752
40759
40774
40779
40815
40818
40835
40836
40838
40842
40853
40859
40878
40879
40900
40911
40919
40936
40964
40981
41002
41020
41021
41047
41057
41068
41072
41091
41101
41145
41151
41170
41170
41171
41189
41193
41203
41214
41225
41230
41233
41233
41237
41251
41265
41269
41271
41281
41305
41318
41328
41330
41341
41373
41374
41392
41392
41398
41407
41414
41418
41420
41421
41434
41435
41441
41456
41468
41497
41502
41515
41516
41525
41552
41555
41558
41558
41581
41584
41586
41593
41594
41605
41606
41640
41643
41644
41671
41685
41698
41715
41719
41721
41722
41727
41760
41775
41786
41794
41797
41799
41802
41811
41815
41832
41836
41836
41839
41853
41855
41879
41887
41900
41909
41921
41927
41935
41937
41964
41974
42015
42031
42034
42056
42064
42071
42081
42084
42112
42123
42127
42137
42157
42159
42173
42184
42218
42219
42220
42225
42238
42241
42245
42247
42248
42253
42255
42262
42289
42293
42299
42306
42320
42324
42339
42340
42348
42350
42351
42361
42384
42386
42394
42396
42396
42399
42427
42440
42441
42446
42451
42457
42461
42464
42468
42471
42477
42481
42488
42493
42502
42509
42527
42533
42539
42545
42545
42549
42581
42599
42603
42603
42609
42611
42620
42637
42643
42649
42660
42668
42669
42675
42678
42695
42700
42701
42711
42712
42721
42732
42743
42744
42773
42782
42793
42815
42822
42830
42841
42853
42855
42860
42882
42889
42896
42902
42914
42921
42927
42932
42947
42951
42952
42973
42986
42989
42999
43001
43002
43002
43019
43024
43030
43035
43052
43057
43061
43072
43080
43087
43092
43102
43111
43134
43136
43136
43145
43151
43155
43162
43170
43174
43184
43211
43213
43217
43218
43219
43234
43236
43242
43247
43263
43274
43276
43286
43302
43307
43310
43310
43317
43325
43330
43331
43356
43363
43366
43383
43385
43408
43422
43440
43448
43461
43476
43486
43504
43515
43517
43517
43522
43531
43553
43576
43595
43609
43613
43620
43622
43624
43627
43628
43632
43639
43644
43651
43663
43674
43682
43699
43705
43712
43725
43732
43743
43744
43756
43757
43796
43796
43800
43807
43822
43822
43835
43842
43844
43854
43861
43889
43889
43899
43901
43914
43917
43923
43927
43968
43989
43990
44055
44071
44076
44078
44098
44109
44123
44128
44139
44147
44150
44170
44177
44183
44186
44190
44212
44213
44214
44239
44240
44254
44267
44271
44274
44287
44290
44332
44336
44344
44344
44345
44348
44348
44374
44422
44464
44507
44517
44522
44546
44552
44556
44557
44557
44561
44565
44573
44596
44596
44604
44605
44613
44614
44616
44670
44672
44681
44709
44723
44767
44782
44782
44786
44789
44793
44809
44816
44840
44845
44848
44871
44878
44887
44906
44912
44914
44914
44922
44925
44927
44943
44947
44953
44955
44964
44966
44982
44989
45025
45032
45046
45058
45072
45101
45116
45120
45134
45134
45139
45151
45153
45154
45158
45159
45161
45171
45173
45205
45205
45209
45211
45211
45220
45237
45246
45247
45254
45258
45265
45275
45300
45306
45308
45330
45338
45373
45375
45388
45405
45413
45421
45424
45438
45447
45457
45470
45491
45528
45530
45547
45556
45567
45567
45585
45589
45589
45600
45601
45605
45607
45609
45631
45631
45632
45634
45655
45668
45673
45695
45704
45710
45717
45748
45755
45760
45780
45785
45804
45813
45819
45862
45877
45887
45907
45909
45910
45913
45917
45917
45944
45951
45962
45963
45964
45968
45988
45989
46010
46011
46020
46038
46040
46040
46049
46077
46088
46111
46111
46113
46120
46122
46124
46133
46134
46146
46159
46175
46180
46188
46191
46200
46204
46211
46229
46252
46254
46273
46297
46298
46299
46311
46319
46333
46347
46354
46375
46397
46399
46400
46401
46419
46433
46441
46455
46458
46466
46467
46476
46476
46485
46515
46525
46533
46535
46548
46550
46567
46569
46576
46587
46604
46608
46608
46621
46623
46643
46650
46658
46671
46693
46717
46749
46758
46773
46780
46788
46789
46827
46827
46830
46850
46855
46858
46892
46903
46905
46909
46917
46919
46930
46930
46945
46964
46981
47016
47025
47027
47036
47039
47043
47074
47081
47090
47098
47106
47112
47121
47136
47172
47184
47189
47192
47195
47203
47220
47222
47224
47244
47257
47271
47272
47277
47296
47350
47360
47364
47366
47392
47392
47394
47394
47396
47399
47413
47419
47421
47432
47442
47452
47470
47472
47478
47518
47532
47541
47549
47568
47571
47584
47589
47589
47612
47622
47623
47627
47641
47653
47659
47664
47669
47677
47681
47684
47705
47710
47727
47729
47732
47750
47755
47768
47772
47779
47797
47802
47804
47810
47816
47817
47818
47840
47854
47858
47867
47889
47901
47924
47947
47968
48021
48025
48035
48036
48050
48058
48097
48100
48102
48115
48122
48152
48177
48183
48223
48241
48243
48254
48267
48277
48282
48296
48306
48309
48323
48324
48329
48343
48381
48392
48401
48405
48411
48422
48423
48437
48450
48452
48458
48460
48476
48476
48495
48499
48509
48517
48530
48540
48546
48557
48587
48594
48594
48595
48604
48609
48620
48625
48630
48630
48630
48646
48662
48673
48677
48681
48683
48687
48691
48693
48694
48697
48699
48723
48725
48730
48730
48750
48776
48786
48793
48802
48809
48810
48813
48851
48862
48887
48894
48912
48912
48926
48930
48935
48939
48942
48947
48960
48964
48979
49007
49011
49015
49020
49027
49041
49051
49075
49081
49124
49135
49139
49150
49155
49173
49192
49199
49199
49199
49248
49249
49261
49278
49283
49295
49303
49310
49311
49319
49330
49337
49347
49362
49396
49405
49434
49439
49440
49443
49458
49460
49473
49474
49476
49479
49483
49497
49518
49522
49540
49548
49552
49557
49557
49557
49560
49564
49566
49588
49591
49596
49597
49605
49618
49634
49663
49667
49675
49677
49718
49735
49737
49757
49796
49800
49800
49813
49819
49820
49831
49835
49836
49842
49864
49873
49884
49897
49897
49907
49916
49929
49932
49932
49939
49942
49959
49981
