6514
8639
1645
698
7694
5864
5402
4313
1015
3674
3303
5195
8615
805
6236
7851
3013
9015
4533
1736
5068
1900
1904
9590
2769
7336
6656
7232
9636
1143
8963
6150
6134
6959
6847
3827
9174
8600
4491
188
2274
7794
5383
7240
4950
7970
5090
4315
6984
5974
6050
8403
7873
4306
7993
6994
1641
1000
577
7629
2142
9540
3778
4627
6498
6976
4805
5672
1927
9296
5859
4200
3441
7593
1439
8390
5562
6528
2704
8897
2502
5106
7300
6726
9411
1644
3719
7403
2643
4296
5031
1136
187
5160
5763
3036
8487
567
5059
414
6214
7270
4613
9654
1214
2404
4396
6776
5283
7099
2024
4136
8556
9323
862
4318
966
932
8073
9960
1579
3103
7448
1765
8263
3210
4801
3101
128
6211
3514
6342
3480
4479
5995
4694
6882
390
7821
8516
3841
9844
2652
8748
9167
9865
9418
6484
796
7490
2796
8727
592
243
491
5206
9804
1643
8307
9931
7854
8172
2624
1333
2650
4971
6026
5883
5360
3846
751
5552
3690
3402
652
9208
9618
69
2043
6765
3910
4838
5491
4501
1432
2334
6059
1235
3976
717
7518
1829
8888
141
9514
7890
5111
5539
3772
6823
5737
4522
8726
5778
4275
9377
1337
244
9445
3379
3361
3354
4569
8851
4207
6000
1184
6617
3587
5160
3685
1104
3340
2572
7596
2853
6813
2707
4744
6937
9529
6832
7810
4606
2609
8437
3983
3945
8680
9779
3675
2040
9485
8243
7243
3691
595
8426
6659
533
9937
343
7988
9629
9266
5583
8833
6079
4641
3576
9367
521
6759
7176
5127
9367
5612
9109
9663
644
8887
3338
2683
8371
7932
9925
8413
4878
4703
1423
5410
991
1765
3397
619
7383
5332
5804
9813
9972
5731
9179
493
2490
2706
5619
1856
8318
4727
7871
5313
9965
1208
7995
4688
5491
4272
3100
369
5326
875
2130
2668
8991
1879
9639
6373
3562
5442
2537
3533
1172
8067
4025
3661
773
5995
1869
5442
7073
6091
754
7038
3650
5100
1725
9140
5723
1176
5860
1048
8402
4342
3716
7393
2572
3354
3765
6133
5147
2654
9665
6318
720
42
6331
7844
2388
4551
3285
9461
6993
390
2850
642
5490
926
9781
1212
8453
1993
8612
6855
2686
8679
4247
5257
2032
4363
1389
3530
7016
7405
9847
4088
3798
2529
1931
2538
3431
1568
1998
423
8309
1199
1064
3798
2124
7197
1362
6928
5541
9973
3782
8226
8651
8028
3482
7034
8743
1222
563
2110
4978
6761
6197
5128
5642
4480
7665
5424
2399
6014
5847
707
7212
3262
857
5687
6810
2218
2614
2350
8542
2748
6927
3544
775
6760
6929
5869
7981
3843
7979
9311
6955
4175
4438
8948
5006
8454
4372
7404
4467
6570
4463
8030
6183
5319
68
2993
3888
2681
1694
8781
1780
8621
8676
2555
5380
1956
4775
9713
5798
2753
9023
9104
3280
9812
8052
8285
8265
8775
2041
9083
5344
2855
7112
1526
4525
3531
870
4764
2563
2564
9896
4343
1184
8571
3249
2915
526
8023
2627
2675
776
8001
8130
407
7812
6181
5043
2428
1307
3435
1510
3002
6289
4973
4528
7165
8503
1749
1928
1066
4312
1823
5408
1847
6745
8656
1114
3622
6678
3740
2648
3805
8093
778
4211
5904
3310
9254
8332
4617
2688
6193
7618
5329
1166
8497
2493
9668
246
4421
7085
909
2595
2492
2756
9340
7499
221
9313
529
3960
1961
4333
2052
2738
4896
4308
6047
501
8991
7015
3188
5183
4633
4868
6348
9481
7361
2368
9726
8133
9452
6987
727
8296
6094
6418
5794
6314
5731
2674
273
7691
3359
8677
6780
8254
2984
9178
8754
1974
6193
8293
3508
7177
3161
9856
6657
6873
8575
2735
5005
8026
9721
2083
2673
5814
8501
4819
2127
583
7492
8751
4625
850
3779
1404
5455
6762
6933
560
5087
3125
8853
8595
301
8365
4802
3310
5237
3376
2396
241
7753
2116
2323
426
4281
7175
1596
2759
7757
9087
1509
8733
6289
5288
136
1743
8401
7069
8655
9840
6545
7507
4786
3198
2223
5939
2859
7459
9314
5254
4051
3418
3721
2725
195
8001
9900
1790
759
4008
7229
8619
2741
3517
258
9228
1611
8659
6296
265
4850
9193
4123
9635
2390
6345
5573
1600
155
1238
6853
557
4655
573
3282
1202
8573
3181
2991
5683
3540
219
653
6280
87
911
5508
1698
5921
8155
8314
770
7347
2437
6756
6088
5133
2328
7687
1640
9917
4539
2196
923
1463
1829
2124
6387
5009
1467
2069
8549
1685
9074
1180
1772
9984
6687
9821
5904
4842
8134
6673
8540
570
9780
980
2055
2107
8666
3694
8375
9557
2241
9297
1019
4070
7773
3758
5430
9239
2178
330
923
1251
1510
9046
1234
4548
8866
3489
5741
3352
6513
4281
273
6292
5260
2327
8398
277
2372
3124
6185
965
2421
7204
5034
193
961
463
5783
9490
7145
3057
741
8654
2103
1974
9553
7320
1815
5294
7023
8327
9574
7296
4619
1185
5974
9368
7813
8346
2492
3998
9310
1264
7553
695
7808
4865
7509
3590
4354
4653
6646
5094
9658
5100
3420
9211
2420
5234
4504
9442
3560
429
3089
4530
7965
9063
3898
5777
7408
2741
9774
3069
4004
3678
3763
1811
8542
7623
1752
2896
2276
8397
4341
1933
3497
7760
1143
2268
9345
1998
8061
2905
2426
1150
7434
390
212
7683
6167
3971
423
2292
3391
778
5970
3505
2588
4511
1127
4339
3758
3402
9088
8099
1687
2584
2210
2829
1203
1555
4827
9263
811
3604
412
8244
3994
6975
2279
6512
945
9053
8803
687
9831
1124
4191
8770
5635
5318
9461
5744
5071
8548
194
6757
7483
2404
9586
8685
3958
764
7947
4768
4367
4711
9363
4712
1685
7993
1223
8982
7046
26
9668
6876
1149
3859
5645
3135
5528
5105
5231
598
4
5424
7355
7486
7827
3292
6170
8136
407
4117
2903
1125
5179
8618
5837
6863
6610
7059
2196
7
3436
1864
6882
4585
2074
8879
4071
7601
335
9301
8198
339
4725
