23722
66282
31077
48296
1172
99280
61491
11993
10109
59753
82083
52412
14603
52923
58024
33590
46090
45295
517
62833
4126
70464
22243
94048
63749
13106
25702
93437
90315
5307
9201
30388
71588
40277
95035
72760
55908
56525
1104
66017
16278
83186
18428
47232
52461
92804
97173
14902
38098
97689
77734
58575
68152
16328
68974
48252
45786
94676
58041
36100
99982
67241
82839
87922
7518
77873
77033
79777
34398
78136
45793
67027
77673
64221
30610
46485
73376
27782
61386
11473
25470
55471
86399
9973
71799
55373
74577
33936
66400
32617
70035
66381
99857
52873
54302
23726
30745
31334
3503
81494
25821
49295
64872
3494
29867
11833
49978
3242
39614
11364
31066
81435
66834
33817
91408
54984
89189
65984
88919
55588
98600
75305
38320
14808
44529
8974
38534
91626
40307
42036
89471
82480
7682
54343
85973
53901
82527
52302
73494
22141
80017
4560
3575
46851
54728
11334
18186
60268
77317
23457
32207
92268
15113
70526
7076
59642
79499
61961
67619
36158
20348
57089
18637
28029
27783
20961
98281
10310
73262
71775
32450
53279
92686
52376
16481
47413
63710
51018
7680
57378
90826
39886
49646
5939
10411
73073
65580
6262
35033
33198
58771
55380
6638
77407
99760
34421
14719
98041
44730
87980
69815
93531
57610
78852
45906
90442
26264
25967
57812
33943
83345
48637
90180
49342
54575
16942
38766
36506
23203
90150
69703
98325
61881
76341
75731
61640
27113
6801
76032
71842
94781
62198
81724
68742
41049
43981
75536
83664
69948
33347
33958
69644
98335
24137
35337
52910
57431
90454
89415
80633
80603
75470
95310
42483
68162
71040
20474
95274
77841
12858
83467
88973
91407
65190
74066
32456
9170
65953
32471
95469
15651
66429
81464
13986
90565
33152
66895
47995
23605
72661
44980
4207
48130
40289
63041
16291
27680
83515
27916
21872
12724
11382
27196
4130
92923
17614
52937
18445
83566
85408
13913
99217
51836
11729
13202
58752
44880
96448
6747
68485
69108
68078
89043
33590
24718
52084
66232
68749
51950
94148
90621
64673
5529
34168
68802
14804
51781
21739
33248
35347
7146
63512
50915
75333
75240
80468
34084
20120
76915
57182
4956
62374
41611
93998
95963
66328
46081
62195
35077
98030
56342
42049
62702
78222
76216
47856
93025
27997
85946
42624
79695
9443
6136
46961
84775
81375
27428
18858
17846
4342
92392
22801
83067
34002
16799
79030
330
79231
41224
51758
77261
13917
93806
56314
8490
86373
20521
17867
30721
6466
60490
26767
32260
66625
73727
17034
64352
1154
52244
82197
21847
44635
4998
4914
94988
38148
83943
95317
17378
41518
63426
10990
71786
57231
83656
80275
59956
20528
14493
90676
26994
74983
17443
59253
57959
91169
92639
22310
8675
61234
4507
30521
5868
25856
51786
855
80355
35728
12524
14084
93597
75949
41426
65382
49532
41433
62009
25839
61960
76501
16514
5305
67835
50308
80910
25794
57829
73548
48103
66503
34781
68961
13375
57000
11168
65161
74206
91522
17240
86729
21958
27189
79030
63383
8922
44913
4815
70930
70751
83126
63783
87264
88431
31617
53924
69340
57410
11752
59239
21865
94606
94019
90825
24332
67370
1993
5844
41575
9866
39436
44656
31823
66624
23685
11557
75545
68597
32723
62827
55699
15849
26609
59314
20631
74577
13237
89970
31987
41340
49208
70203
52297
59578
61027
76629
43299
79371
98824
84873
89237
38259
29528
37411
4882
69564
48968
96779
54512
98042
59605
10210
13890
2565
69524
34520
77141
99112
40841
25479
40452
6400
95681
9100
82329
73060
85728
25627
52430
84552
10500
58018
39162
56379
95429
44044
42295
60748
40822
96806
58789
16778
23368
89031
19342
9243
23550
12834
24706
80743
38313
81509
87142
50345
90609
69471
23404
92688
11449
92186
93591
38300
50203
32753
94679
45631
76796
53325
6378
33969
66482
65167
50746
89849
70549
86439
15443
10450
99272
40149
91192
53936
38009
94686
4281
28617
80508
44036
21305
91956
36221
14895
30256
86424
47647
41286
32054
40794
94610
54784
91114
61091
36302
41859
67292
6850
44649
99086
17299
43921
55586
8491
14208
93595
19528
18488
22211
35
78876
59867
8342
15096
91114
38597
1519
38760
96234
49925
95906
90843
4708
87019
68286
57361
45230
51929
64210
89878
51014
81508
50150
22952
6350
64358
16546
25877
99197
55108
42263
94424
14975
50605
9520
6088
5553
27390
61199
1787
77314
57104
8981
98373
60475
93618
55733
22056
45546
36294
11933
12912
34154
78435
35863
40503
59144
68760
82732
74692
23867
41346
69116
38841
91950
78635
61280
13855
22376
22479
15641
99690
95934
40973
14414
72760
34591
86499
94815
96488
22792
23100
9399
56945
1534
61613
13800
77029
30372
96531
68072
54239
37876
37187
9431
46178
32173
87063
76384
54549
25893
8376
70590
21826
49348
85003
10938
290
87853
5752
96778
10645
28851
22528
67589
46736
84141
97740
40116
14512
94270
8188
85102
48498
45374
10885
11027
93899
97947
87410
48447
23839
95785
35388
62016
61484
36742
72953
61774
24595
95057
74903
35239
23907
97430
19179
86995
81570
16919
27110
12434
27540
35297
97535
92389
97023
24771
19767
90921
22717
23528
55719
46555
35664
91106
24923
97148
27847
97875
75273
68793
92931
50175
20383
33190
47604
55914
20184
45526
89184
63645
57959
16723
15294
71845
25464
12316
96616
45230
19588
19332
85110
75306
82239
20773
82763
7161
34272
26961
21387
9544
95754
30670
76070
16136
63859
40026
72049
394
85551
77584
80390
43509
94307
95683
31705
36122
24350
28320
97703
43937
64004
82812
35594
46242
19937
34708
69754
54208
61669
7492
80104
73774
38161
72525
89909
18371
12550
78310
35116
98100
55893
31858
57960
66551
27540
89665
19024
68242
34336
33079
28530
98339
15890
80476
60932
52178
15183
30685
6386
76851
54529
2841
66976
92689
75365
73237
27412
87915
67898
78879
2366
23790
10736
60326
6693
54628
66342
42068
22869
677
75146
67750
15368
7388
48225
76299
59565
63408
23336
82302
56610
77864
85142
23586
86904
76859
96822
14315
81125
64719
9546
83490
4860
20281
60167
27904
74908
26508
86324
14128
43537
61469
81878
58904
68856
30102
35202
44773
9861
74889
27074
66471
52752
28568
6408
39656
21778
19581
70322
2902
651
79867
86391
5510
16500
46558
49766
7759
89417
36089
21887
49305
97557
3764
24560
82765
50217
59762
43889
60078
34650
70962
42900
3754
15881
65659
59761
37658
85239
30082
40559
85889
26301
43302
7750
42800
6211
57515
50558
11979
9955
88796
61284
7512
8911
85843
6628
59128
61956
50516
35557
12958
37829
78456
16711
53710
44114
76471
7719
45704
22904
64630
31592
49204
7931
39341
8355
14141
13208
75265
26119
23162
64060
3754
47025
72971
89597
53652
32098
67904
20519
84006
80861
74700
62461
13923
28409
22926
90393
52479
68629
29649
17108
16572
78852
25038
55912
3559
55530
85471
78823
98001
8633
42882
1754
55657
32204
7702
25661
64301
75606
46179
48306
72818
20878
27118
86741
65638
66395
93485
34469
51375
23133
51576
67946
18337
92966
40210
21895
64847
25680
717
62847
34312
59950
64601
6321
92154
88654
31981
72806
64259
94511
21112
37077
31741
64581
40169
13730
30976
33653
48198
82350
56786
16126
66648
75122
9091
6857
97016
73937
32536
14084
53136
83200
74033
34088
89520
66186
22741
37852
38992
3352
32362
76455
40428
80454
57387
80596
94184
4714
30600
58733
3416
87385
74858
70063
78858
300
76919
75873
90589
25806
6308
60076
25357
80341
94163
31228
62878
16903
69079
18221
20254
17793
11027
77033
14598
68414
73980
25133
73127
4580
83866
92894
8316
75075
62956
87174
91727
56226
63046
98667
98384
69354
58742
23740
66046
52904
54968
28923
86158
40398
47144
6412
74542
58170
99796
89140
42935
73776
14272
32414
94707
98137
25307
3022
89564
88263
90195
97642
60840
69593
96308
59223
38946
71401
82963
21343
24304
54282
50265
26813
11031
13760
33224
85573
88282
49372
74712
47568
23147
88983
79981
17853
3472
5288
20874
9387
9902
27421
7028
70741
97013
19687
29964
52310
91087
29278
73652
31742
99911
40268
58554
10941
70380
8130
96513
58661
57501
87576
22580
96999
92911
2561
31203
12734
24200
68428
22120
34101
95848
45499
21193
92860
65185
51156
45169
56271
96785
35172
88012
96695
75440
62917
23988
45819
71046
36852
20831
44898
24428
43410
41896
33690
62322
73098
46423
86521
41526
84894
36973
37373
30392
58166
46585
11928
25673
8105
84550
22458
43277
72561
35504
18716
51829
59491
80886
22875
12695
1716
67772
37122
61477
26020
70811
23799
99117
33585
10319
56994
18478
63644
10719
65221
21809
57303
77148
47481
81759
61697
69938
25035
50609
21794
60102
2437
97636
40987
41663
10330
59054
25787
63803
20531
51806
34613
44329
67274
84549
70999
24268
3026
34642
51338
68246
56450
24992
45393
20283
6750
23441
90220
31785
74049
28365
8238
76486
26001
49225
34500
36330
8278
60286
133
28808
12091
51097
89488
95717
35646
60487
19984
55023
11480
71321
39621
84282
96312
85013
4564
19413
24806
11135
67549
98854
39500
75787
91691
65500
25011
26191
18181
49640
86476
34665
94800
14919
2114
84287
26987
37759
61125
46970
9133
72605
34642
48753
56886
47305
50118
61449
66717
74923
88935
34266
73776
28434
10052
65467
10285
51414
8009
28466
17405
10836
63130
12204
42106
65243
12843
69092
19353
90319
16061
44838
62923
67054
93590
36160
30710
43707
13960
97427
34981
2895
48044
25109
47680
74447
90575
57965
42212
14935
86430
59616
25770
65911
88172
67876
47506
17366
36967
83210
7684
69380
28047
86959
36433
37989
39470
83495
98047
69782
80921
33028
72676
45316
58136
36707
19762
65062
94671
78325
79996
97452
54292
22117
63363
42463
89992
27220
59828
43311
10429
83864
12690
54828
70822
65474
92816
10291
48968
90862
80072
46240
40241
69099
91555
98376
5806
27668
79789
16828
5992
76136
14280
60284
98253
77642
19098
4596
21213
95278
47906
47993
79141
76947
2820
66314
42421
11987
92956
7740
19201
89380
53980
59441
58478
61886
74169
80635
5906
53957
97463
28249
30093
11742
4884
44697
5735
23982
49292
43299
35611
13550
91291
31103
90496
94111
97416
49268
22449
6723
57008
41649
96102
27339
1090
70932
5576
91610
51566
11481
61918
65380
56082
92010
93473
60965
53058
15559
1298
2350
58857
36908
32251
50148
84362
22746
60610
98129
72014
83058
4852
45373
41059
953
72711
42148
88236
94638
50109
56154
6119
12026
21533
78552
20388
31358
39516
73445
46916
40814
92146
22125
94073
24396
88624
78435
47142
49233
76563
35507
48642
97766
80879
89700
15071
69941
48199
3306
64578
98307
59459
87048
10333
97344
65599
30720
28701
5115
20516
91968
62280
12662
14092
72704
53409
2715
51138
16902
68299
44053
52408
33293
58170
33286
39344
73240
3226
87543
76546
84156
2201
52356
71203
28885
49699
36802
75956
94751
41916
96472
86719
20547
25485
17162
93250
95245
36229
60740
12147
20879
21144
64554
54171
79313
14192
93515
52553
33769
97409
45450
17924
15961
97805
89127
44846
63856
42280
20801
58606
547
33624
61676
21093
75460
78838
30694
70705
31418
91433
99203
52296
12576
63756
22819
8241
94299
16333
60793
44420
30093
22594
78695
46053
36750
67821
7250
605
10100
44403
75563
10646
94378
37238
48090
69838
32427
78784
56894
63844
70216
56096
32492
99144
36203
55310
7384
46854
87994
84528
91273
18086
7121
69967
80490
60222
54140
4092
60827
80591
48494
36389
7589
42871
89978
55678
29060
22405
34461
85953
2600
21029
42048
35091
36524
94603
90400
60259
41456
94745
44786
32728
29182
68258
19046
9672
28479
73185
13763
5657
53776
78608
58397
61364
21478
48375
33393
50538
70779
84206
52842
73378
5234
11242
24821
58109
5844
15220
18367
47299
26317
79504
96378
55498
47761
15423
65169
92591
4960
95283
14600
58735
73890
72996
36450
11720
21370
69842
78609
8500
54047
47802
98230
75632
59043
23050
33740
81238
54621
68458
44888
80937
47961
57617
36435
12073
73040
17955
21016
77999
29590
35615
53085
19831
24962
89534
47902
62684
75727
26510
71183
46126
74312
85764
21757
49706
8813
71849
47296
79786
40306
92183
77074
4619
49800
29860
33043
39191
64167
54058
33541
93756
6024
86625
29938
30986
92510
77840
93669
84588
20701
81203
30713
11364
66967
52470
77422
92131
40670
24717
71916
80975
16899
65342
1945
83050
95201
34988
22240
59367
89045
55780
69474
11421
58756
15764
42406
67617
93603
52426
52205
30655
33628
82917
42019
594
51738
19440
92725
92407
60508
80992
89734
77406
46333
91678
60456
57886
43017
99047
33604
48414
71179
19430
59834
29934
35193
2239
13903
45147
54664
66107
75801
4643
65375
34171
5237
33465
69962
14313
42223
30469
95304
31956
24227
57989
39986
1034
32226
83002
80
65829
31415
71258
85258
7600
17544
36802
9838
31446
81948
80853
13904
74101
85496
79278
8271
7084
29094
94585
21396
71317
25053
33051
19624
49279
91039
75961
50312
23264
75315
66744
5445
23081
38001
7054
30681
71896
43856
40518
19693
25803
37723
33596
16255
39570
29226
40878
46653
58319
35462
84400
29635
60514
17450
65611
26145
24841
41571
76456
64456
16885
43199
69900
39966
97552
76954
70646
85799
20809
27515
5492
62963
81589
39087
79218
21158
68312
20095
84162
42983
71908
68561
88969
32421
86011
54579
58565
27203
96150
51373
91658
29386
10923
77910
69351
8474
71215
56348
94273
8375
83863
99764
71337
65451
55202
66906
2961
39866
3352
87122
82848
75259
72035
71816
24032
74397
42747
82596
1599
38896
50320
9608
84633
61243
87517
53984
86068
58731
26683
80340
67105
10545
96455
54794
92348
68009
38051
11660
7874
57755
15133
7073
33013
87167
78888
57044
61563
21634
55992
63161
76881
22663
72769
61514
83905
76637
31849
69973
35368
58531
66664
18824
85428
79471
89969
94127
63831
44372
5786
71704
2126
20918
78776
35138
8085
74015
8534
69647
95649
80877
49160
88881
19891
21928
66746
3796
14916
98594
90120
66635
73477
73135
85459
58904
52605
91779
53030
16435
36150
75167
4490
38275
96084
83265
89765
20520
73632
14650
6519
85632
11878
55678
74512
31768
93957
41258
35563
8872
56203
42034
75507
29679
15169
77317
88582
67773
85447
57963
560
21597
33129
5049
76223
45565
4666
82339
82436
94649
96988
88954
80280
25217
60983
54791
56985
54939
12400
8899
80163
68603
50933
72021
98281
82453
49337
3215
66577
34783
61177
67136
72731
94306
88537
65306
56222
9554
47644
38657
20554
60984
27611
833
86200
4945
71975
59536
76236
84375
84787
56398
69329
52071
28418
67609
34523
94106
87175
1099
45240
48352
84587
34323
59009
89475
99628
15230
15380
63623
70238
35933
24606
14200
36765
27158
19145
25091
86693
95380
9465
87831
51777
95145
39901
96546
79106
74423
7003
66280
91874
52242
14631
76460
86564
73639
82286
2543
5220
97665
66166
75458
33597
7123
6009
86713
34280
25153
11803
37325
20532
37620
25155
88660
32764
65056
1557
11869
55830
8559
78149
47703
77153
9131
40514
80068
99122
22799
82611
4341
20463
48776
96150
70411
72250
2159
73475
6530
43663
85278
60206
80547
39249
1712
85558
72012
66767
87115
233
38949
12025
78381
86651
89177
3863
27165
85597
2984
66315
68207
23677
3130
33334
36178
73540
5583
54688
63367
28464
98351
48644
88669
78897
4244
6733
80806
76255
73499
67920
92839
28799
96297
87571
15450
1825
91434
58966
87421
94417
25280
55627
34445
28409
5312
70623
18301
27247
41662
81667
55710
40012
46662
60731
35260
50905
67463
16066
43511
57313
337
36350
86112
96633
23920
17913
14810
15353
93230
2230
26122
18509
74209
76918
63270
79520
63892
97922
23118
5554
79588
78828
61917
42601
55910
97177
93505
39724
29594
53367
97036
46282
89716
99499
59267
29988
17411
74076
45340
10640
76305
87813
45501
66865
64731
25122
62737
28622
23043
85854
50527
18982
81033
12444
77934
36942
25972
71438
76665
71917
41156
90053
18198
47224
89551
93816
77211
6962
67891
38902
33953
60548
43067
95805
27412
7797
37278
90148
52770
60320
76002
19649
95653
57034
32092
73586
10328
74415
61375
86992
46331
2531
77044
80880
49754
66595
74696
43316
89908
42586
82217
40212
19485
25283
52369
46897
49431
89646
53396
18553
66318
29397
38201
61970
2783
86644
51908
13110
61058
13282
16453
7388
32164
9849
4619
98269
92795
79314
41584
99054
38252
40153
55617
57736
81787
7985
4632
31218
13983
58028
66122
80300
3776
4322
58621
22910
7317
10528
52371
68374
40162
85176
92113
88677
95024
96731
3298
87818
92397
61233
3223
30648
1385
58839
88383
83172
83176
9367
30741
97158
83746
96862
77457
3873
17535
52429
26783
41203
79309
95505
25928
35822
80680
18040
24498
75703
31122
27795
79872
23518
5380
99446
70517
6764
58285
58900
6287
41460
84618
53379
54969
68363
66592
32425
88587
478
1205
15369
41680
80513
27226
67607
16334
7905
1998
57184
99960
49472
1330
96183
89341
6709
95629
59858
29825
70265
35109
52463
28076
36078
5842
83044
4440
88785
31820
9378
89263
33024
24747
47294
29889
68324
31253
62574
76228
49602
19757
92539
99073
37439
88722
4766
60499
702
80975
90323
70966
16083
59138
99041
68512
64979
82084
89303
70115
13903
98680
59377
46926
39778
6671
76814
8101
54275
55740
84329
3876
75496
76867
2949
29286
81940
24066
89785
82641
5040
80107
53606
37474
55596
68998
5985
20574
51081
95287
90689
81335
93966
66417
28261
33744
89439
21426
41844
43713
77165
42524
47589
69013
35743
66889
98298
17682
90954
88082
16675
95993
84541
70280
33466
40136
55630
39450
77062
6710
34736
84102
88045
45053
66870
32657
78796
56309
70434
36992
21
63951
79515
63961
49315
31609
30849
47612
65643
21802
52046
82317
17794
52938
68948
67611
9425
24577
7060
2838
47639
58147
86939
35683
3200
53809
84691
98347
26469
55124
51690
42841
35426
47557
6802
84740
79165
37650
48704
44807
75804
749
43475
93597
70038
28775
77560
79462
53351
84619
82300
989
59118
85590
53023
78669
55750
37713
93367
82218
9189
45057
25059
44614
92613
48212
45706
88129
85861
94409
49288
61664
11509
92762
71613
81546
21536
49172
77359
91239
50142
76010
8579
9259
61600
61602
4279
33701
15666
97646
32271
24854
59054
57329
85820
51666
21892
47877
56146
7752
42285
5433
85768
70145
98195
57380
51690
36082
22903
45400
43672
73044
21410
52251
98655
99361
13852
19285
33061
45869
16930
65331
87075
92335
39011
72894
44000
60902
37122
146
85006
79406
21930
70773
65902
36476
44504
33943
72558
67406
79342
16229
56801
17103
84831
71807
16463
15034
91092
65876
60903
24373
47558
47977
16708
86569
37222
77059
63822
74343
93556
48827
70100
15486
35951
36001
51961
80454
69943
40870
64211
65636
73451
37364
82739
58281
9170
15553
73315
16613
81428
34217
40986
28986
82193
57693
31906
35766
34751
95727
10108
44659
60906
96559
60144
13208
32559
12104
10014
18853
69326
74224
84488
42776
27939
83578
17408
53461
99131
90722
70073
96910
41290
11058
42247
39834
85102
74152
75599
36205
86231
2058
80863
63488
98616
57358
76695
31174
69461
86708
66378
55138
77284
67218
97913
5222
67147
15321
58682
66277
22394
45107
79539
63684
56164
38137
3517
57618
28641
79116
93822
14871
81173
91036
94710
96141
48393
71404
27314
34205
74464
10044
89343
51747
77261
3607
73320
44407
18927
32002
27036
41321
93460
22926
21356
49623
61062
24872
23592
89702
20339
17413
20924
17864
24800
15633
14004
73192
3389
57669
23749
77852
84064
13091
45950
77676
16697
19269
38435
51976
67622
65470
9648
61081
4747
31003
27056
82160
72226
50647
71862
92565
84412
9137
26780
9211
41122
57135
98755
44510
14803
22503
38713
15219
51945
1014
92894
68641
20282
31328
20616
4256
13149
30263
65336
17895
77617
92391
55
49843
59390
88268
42407
43801
13756
85538
69363
54877
42672
68117
15738
73826
6971
70802
89044
58915
71815
81938
43908
92097
13265
64523
96352
26414
11138
78039
60660
88754
86782
77066
38596
46171
65333
97354
6323
79089
82891
75685
50317
41914
60154
66055
15740
83476
53208
21135
42391
25023
19424
86298
33471
32689
67172
46174
75454
94661
24212
52465
83415
10993
29531
38362
73515
11215
52068
79837
6655
51310
71874
56972
93224
48379
39378
25315
31854
92585
46449
90596
17607
65873
76893
67429
14913
60417
13602
6718
55077
37814
59182
54843
65158
5064
9557
55025
16279
61624
34861
39285
12933
23086
12608
22508
71464
51985
47822
19670
60922
10623
10265
94880
92847
3510
62309
7759
63926
75910
30828
35354
30075
6361
6549
11585
11425
16105
66609
44055
94080
17821
99691
23364
40907
12299
45872
28722
64283
10045
48391
41556
20667
58656
36436
13513
62165
98744
37623
42442
74653
84802
94147
4728
91163
695
32664
18939
33151
99272
79345
43582
17092
79035
66946
74350
91333
29169
3072
71968
39213
51462
13523
76232
26469
49958
6096
4985
48701
43719
47426
39706
44872
41573
60785
36034
58619
93448
54972
91770
92719
50668
35351
26162
29703
18648
512
37387
47816
3583
25706
87029
71396
39229
79612
97865
5538
85707
2849
70591
45777
66627
10296
90649
24551
87432
26682
99521
80879
98006
91290
89949
48673
42993
16110
94727
77992
16621
48466
25808
36555
74171
29188
7951
29751
8799
22167
35289
10857
41367
22231
56634
7993
32526
47282
48895
36309
73963
48416
33539
88320
56057
23487
53345
15401
39596
48071
93393
72569
96536
35552
9123
70707
64739
17073
16809
89889
55591
52097
745
96958
74327
73730
4950
23204
21011
70197
59512
11326
18612
93050
99645
91020
32888
52989
6421
88836
17412
16165
61404
30299
51716
86878
17357
32806
20303
34166
39046
75893
86262
56142
72850
76941
29872
94152
144
50882
64348
76008
62207
99311
85409
61852
90330
18297
31192
13102
23484
48603
29266
84887
95254
97333
88116
12610
30138
24770
46775
69183
663
49389
25325
89864
26329
55196
84015
42824
6077
64714
35183
84636
64024
20592
62839
70706
55240
94030
83807
78723
58985
29425
79961
54238
26757
84428
66847
73247
9198
13622
42429
9860
63010
84105
16075
5690
55652
90
64865
78081
81155
48
62716
45179
36991
25554
32236
92230
19583
32394
87304
94919
61818
83616
49156
4927
68043
32355
78173
77240
45976
36953
3451
25337
37410
19526
47378
93061
35967
12242
71141
17121
12289
33856
78651
49279
75761
10886
57860
11696
43280
45163
6614
21449
45130
55770
42727
13173
88124
37251
6764
50451
74204
10215
92139
11613
46092
39516
4673
98410
68109
92166
15530
80398
42373
10533
46028
18134
21418
3888
29829
81049
65402
36442
18850
10532
8563
61576
40056
13038
98827
46819
79840
89382
57033
71978
17346
19476
27845
38370
17885
95954
30535
49767
92703
72908
60299
55082
91041
81716
75321
37221
79117
57075
90014
14318
67606
98577
92245
24013
27966
7423
70831
7806
96804
44216
79783
14149
63691
23980
52519
97928
36285
99405
47694
28987
72312
7992
420
79704
6059
75741
16924
85175
32815
6938
15844
16772
21866
8089
40784
49831
15511
27966
73988
28667
72181
53771
59167
52224
94102
28037
50151
30386
27442
97844
75724
16105
5835
76143
95809
11893
68235
29084
13420
1049
52373
29263
17820
90590
53703
74955
56773
69214
2921
30760
14232
75101
882
73398
27324
94983
1435
77474
41720
45228
91669
17443
61332
97503
9938
73492
9396
78172
18928
22815
95573
71300
68429
29744
78242
22132
4699
35014
7697
23971
65773
21928
15423
83007
95325
59099
77989
13111
52924
36061
58338
44593
53503
19670
42095
79792
9513
67842
74316
28440
7008
69888
99740
75437
15983
94333
13920
37033
29346
21616
61003
11470
43543
76426
94476
55219
51876
88817
84682
4799
24877
43019
49391
94731
79040
7838
74523
88553
75679
65190
16992
82687
35077
33083
74475
67411
27415
88394
4444
73112
26361
65446
84582
86255
58223
95409
41473
10098
84225
26154
14897
9101
85525
80639
3832
80916
88476
78354
69468
80507
59895
2812
79545
94971
35894
54019
62381
79661
58764
83176
52772
1476
48622
53705
87730
23196
49114
45554
33294
33338
88060
64542
58791
73584
45180
62622
54499
50008
57327
40319
30514
17221
43130
10058
28543
95375
80428
7275
91387
55543
90451
60511
57018
55424
14215
44747
78619
79680
90300
28264
29370
78359
92805
88160
68294
54337
50781
39145
20696
24459
95815
51209
41679
38944
77618
70221
50670
74397
93847
58409
29939
84297
18919
3308
39720
49485
48054
34691
29165
54705
62954
74886
49416
55759
63045
17709
26447
30177
73205
47142
54635
69019
98350
12665
24314
92319
99237
91336
83067
93083
49744
13005
93732
68662
16312
33451
18146
80717
68141
63662
35421
31095
38547
1188
3205
17943
18897
29651
48119
8453
76792
2753
77472
91493
31769
1785
163
31005
9472
83229
24088
59215
12585
17819
27876
45248
67621
62374
25964
52114
42387
77736
99560
80934
78924
19116
98876
14172
48766
63347
22624
41909
82451
16447
49753
14220
34584
49915
45224
44055
49495
85663
3270
62079
19833
47497
7326
3806
26222
49641
55919
68609
27376
71830
65894
22651
90945
81121
36822
56062
60819
75798
97970
43270
8596
47722
57489
59531
13988
19064
3586
63482
4727
23207
41912
40911
87055
49237
44716
13277
98877
16986
98237
42604
88815
80482
81607
96111
61602
18428
52172
38773
10577
50141
82042
35525
14214
39530
95055
44553
74945
14992
8034
96023
38198
49945
36934
41605
15533
98001
54881
30761
14987
69469
89717
20153
49950
71323
16264
27903
6102
68435
66675
33031
34928
65068
68555
65493
4597
63609
10046
95894
78601
18079
91916
33150
84376
45201
74754
16260
43202
45986
47021
58188
15454
53089
78340
81755
24411
10955
26010
30512
79390
9036
63542
30669
74104
32096
96161
95052
12057
6206
90945
7009
40637
82861
40158
41364
28061
31264
57623
87614
77249
20995
45801
9055
74083
40493
7161
14845
51447
49522
45357
47188
58558
25250
77856
32661
73698
90369
27712
2106
96574
18657
9114
37210
17869
65623
94925
62281
13238
52548
49895
6839
89894
12047
32245
80329
68891
39405
95173
36690
88927
56881
229
47484
98483
78085
96496
88532
84805
24207
90637
81378
59215
16102
34940
93435
81724
29864
72068
94962
98763
38314
18152
5009
50360
50396
85337
35603
89800
96861
72292
95078
70094
72520
58913
84928
66956
55408
73459
51760
95967
64095
49490
71533
80196
84429
81320
78271
30644
53387
89584
45759
91700
7735
67119
58411
58130
68807
94013
64282
65667
82656
75711
52112
55176
34624
37039
38483
6383
10497
90243
18701
74591
39732
90234
71138
40512
71553
65761
87507
41291
55344
49617
49342
79431
16735
24104
37560
85541
34469
18193
67560
17124
93904
19671
72299
44879
56710
10782
67613
83558
17376
86314
74501
73459
92899
45638
30322
80803
11398
17828
22093
83094
83797
87786
62524
531
11889
16435
86072
46357
50980
69983
79833
61235
89653
52131
6113
62714
79264
90077
46272
12991
76390
20772
86449
69288
82761
16770
66442
10511
50950
4886
9956
34746
92671
72479
51628
20912
5265
54051
83620
56244
24033
63452
17478
13686
31935
39942
92751
11198
46371
39022
40541
22760
76145
26989
8400
75258
60111
74841
85768
27412
96079
12075
62157
88749
905
30136
26012
6169
84187
9632
78765
8219
73083
12594
38256
5017
68888
31007
32567
15258
86380
73107
38017
78877
16447
62768
54134
76557
53961
56253
3968
50039
68327
82476
55139
69231
12612
81151
91751
13150
90782
70515
21368
80216
83109
75976
1585
68348
23334
50503
83605
26065
23609
37973
4941
56407
17093
75426
49316
71053
31678
53283
37443
16356
52111
92581
1938
81074
90083
93689
94223
97216
80555
31942
77432
80015
7917
95368
48362
47602
45870
31966
73667
69478
69939
78607
42236
3383
70385
91551
74435
2062
61186
28229
34770
13296
20809
36707
94369
27244
46747
4943
24459
27302
36884
18242
7316
61153
13609
72030
25106
59478
3995
98772
45307
90285
93731
87543
93667
64115
79093
84453
82528
40278
12681
17297
69925
49842
70356
80645
77085
17102
85587
1543
60755
38823
19785
84423
16327
33393
56452
41432
9223
76798
40204
54529
67083
50286
42071
77101
14400
21164
61554
13279
61441
90586
30576
47718
40427
17283
28362
17511
50736
13949
35406
11491
69123
71542
95913
85449
21286
52364
26880
30508
29161
67083
85037
12595
17368
27107
6048
48119
64622
83953
61398
42415
74538
8325
90132
31317
25607
18493
65179
76342
32441
584
4184
1563
88477
96
3363
9763
68811
30243
40270
14324
13677
41658
43270
31045
68765
49317
95515
33386
33269
56912
92152
24159
65236
82283
55475
7194
776
20653
83536
49568
37589
87719
67483
26065
4167
70845
35827
89329
1087
92449
3652
14764
34106
63274
62160
19222
12590
57674
68960
62211
30938
61111
86369
96173
43394
41843
19719
44169
78847
3254
10088
16435
7324
77570
42500
27842
48415
78326
17171
65853
87126
37174
96968
21232
447
59127
40453
29389
33153
9412
91599
64090
70523
94319
76614
30268
36161
96332
74436
15007
15937
84523
47794
39613
78445
90293
67454
43211
84970
976
9063
72096
38150
22383
9679
54948
81509
66483
84336
31013
92247
92286
11454
62769
86604
88068
93036
22764
751
83823
54123
16688
84697
18268
56300
79493
8560
40105
22703
9881
41081
48118
98328
95582
70500
8006
50529
68360
74489
51217
15725
83087
43502
27178
45855
30106
15245
55242
69221
15996
55416
39695
49035
56464
57962
21686
35957
82873
61790
75011
92754
19222
39480
91081
14803
26331
15439
81684
94691
6279
32900
26767
89365
76401
53944
51571
22858
69189
23164
92079
1536
78579
31773
66922
51394
6087
88607
3702
88959
66748
78713
81712
85970
34544
89145
17124
60875
4583
15159
71917
27213
48058
98683
16577
40811
52626
68147
63668
38166
91310
55746
56053
86240
3871
22974
53985
9957
27932
57687
98915
94680
52751
96979
97001
87294
2475
30476
48168
23409
45635
20084
50621
93692
18766
67197
34502
87744
51695
14522
25909
59356
86619
81962
61947
90489
21287
15931
16797
49219
89969
32064
60250
42719
45394
57250
46365
47868
4077
94532
71276
49711
30968
21896
59755
66085
5444
10608
53828
73490
25129
96089
32845
11748
94402
11143
18588
15688
27073
35385
81258
33394
67448
41507
76112
12841
15108
22476
60708
19185
33360
48335
85247
80679
86582
45001
63115
92025
55609
16943
65514
80737
29383
14710
8836
23784
25852
27424
55823
69276
62808
37081
2669
30255
94939
95133
59447
10047
33960
36506
45583
67319
84840
30829
64349
71421
75830
27464
79797
31438
60758
61662
28526
90140
76371
37362
30275
18574
64785
86097
87849
27592
39529
6870
74198
34468
2002
33644
60866
35961
86501
6448
19632
71340
37276
83980
59112
29457
27795
38908
60894
88552
569
89420
95043
93291
26781
41669
11864
7917
27766
16064
35508
67294
22933
26057
18113
41286
76052
78978
93599
62552
85425
13230
33891
39053
13561
9354
68509
41356
48261
45755
46259
65181
35174
57654
58471
78306
99322
86686
2574
43439
2749
38081
27085
42034
80489
45197
83319
56540
24175
76917
19091
25951
6498
69333
65003
20059
78686
49864
77766
26946
95618
40376
8478
47143
98029
66948
41800
13703
53633
44373
57141
72733
82453
84225
14766
79293
45774
14437
35832
86300
7705
54922
12250
14203
40606
93605
50613
19291
43468
44730
62588
55437
1457
71065
2579
99486
54364
44378
29540
7996
88750
86680
97080
87554
87257
11846
66846
33030
26282
2677
19329
50338
73950
47930
64540
30907
41534
31504
50197
1353
92585
29136
56789
94042
16552
59367
93527
87267
20096
39418
11614
8845
26097
8693
96398
29705
20538
79595
62734
63171
98623
98414
13509
88924
62696
94400
19830
20581
25904
86378
21934
18488
31865
95074
12529
48416
70793
22407
35682
90888
61824
47295
16085
4273
55988
28834
50329
92877
8429
13063
56048
7051
27828
85908
95975
90523
80307
32156
11104
22562
18534
49389
57402
50398
60814
86282
15166
31606
25041
50847
38846
3216
14494
54930
23840
86833
83763
74169
96061
8543
3583
68460
31946
47762
54367
44272
38285
51026
76427
65740
89939
94960
31480
63692
61710
92293
49974
76875
23899
91366
44073
79096
10933
74918
34025
34773
61750
34139
25293
57811
59034
28875
26270
90979
76636
96989
35250
31272
48014
28028
97011
54304
39340
44842
17996
1049
37135
84321
94275
77385
75686
38347
56480
2970
13265
6856
37742
91366
57346
63034
65528
16379
8260
8150
23709
84896
5138
75310
32519
69503
19690
45882
40158
59029
90723
58153
76429
27857
42473
70703
21593
34510
25401
94424
37480
55017
1279
91573
62735
74977
70959
28262
7707
79218
52763
47768
80465
74252
23077
12984
43754
42766
58865
83912
18146
65939
58416
94574
10148
17241
81628
31740
51750
7029
26164
5581
78397
43794
97154
41131
18770
84464
85745
42829
63681
38507
90596
60498
12759
13672
89833
72864
72790
48697
73127
7287
30987
31543
1861
41134
48783
99840
72874
16884
23220
15389
22465
1617
59182
35970
42747
94304
20433
28491
37132
465
66998
27727
60962
96108
57750
50794
68971
46891
15842
42098
54178
46829
89992
72390
4314
55126
72229
77187
72009
95449
8927
10825
13417
68109
46794
56163
62412
83578
1006
15895
84043
84355
43621
45004
80462
17722
12150
49432
64613
27991
7881
35142
91171
97872
7531
95485
52997
96111
89023
41358
91559
97950
52182
4975
82410
15328
77490
61173
98905
78495
77067
82947
62849
37039
44303
43310
54760
56452
9093
35724
794
16974
70865
8317
31197
94747
3801
546
90858
9175
41903
98768
23476
94084
20095
5885
9411
13936
67057
24668
92430
60475
23966
71630
97513
68268
31291
68625
41071
40383
20700
58217
73708
91565
66533
4905
2663
86685
21802
93520
95859
63704
8640
19335
57787
28734
41571
83550
42669
8628
24569
51450
85454
48534
23079
99319
16802
70721
67943
74224
27455
88642
32440
1163
96558
98972
22419
99221
2008
44220
9092
97867
24275
17731
33553
98413
62816
91475
81962
21836
102
6530
73285
1908
71416
12715
1226
88217
83435
69168
78792
10890
74161
11232
28404
87071
26555
67174
2643
28563
27745
28086
42781
52019
45817
92685
50431
24984
84159
48745
46820
613
71626
20104
2520
43041
49171
3745
47609
32605
89264
26401
59846
79776
37632
4601
66846
80538
71774
85840
9100
99518
13926
68232
67888
76094
60916
34671
1077
61427
83415
64248
62039
55040
704
80910
14433
49874
84654
62041
82478
90269
88441
58676
70044
42424
63276
53242
22962
35050
39081
48413
50919
69358
16645
35159
61803
93912
69829
79232
55338
53243
43479
17376
24634
44182
98285
55418
94055
99290
17459
92885
5910
22251
51560
75954
81027
14835
45547
20340
66236
979
68752
33507
70337
1748
85017
48491
12012
54845
27722
67349
24439
71201
1077
65424
15382
15713
20842
25789
15003
54652
18673
20912
93254
86584
13217
90632
17770
75115
10971
358
76094
96075
33864
62782
14174
18880
11272
26185
90076
38994
93534
30866
10194
10962
96289
41927
26674
33482
84067
58028
88133
2739
78940
97739
5674
8508
88370
23444
83623
15693
23801
76068
11767
74016
55201
42292
9247
66472
68477
15674
21817
78362
46539
48362
89323
42827
90289
15996
76309
90707
74024
80793
9798
69315
94883
15471
94174
83253
38914
94148
98945
79066
70215
27063
69433
25415
69354
78679
8239
54182
94352
30055
32543
40890
78417
21865
69
85057
54213
92729
75763
28236
89873
85560
97550
84756
17383
8075
84360
72648
2223
99656
51714
72437
26718
37498
14204
12423
16177
22442
66605
26880
68848
15499
67770
63616
53716
84190
48672
7928
76918
40787
36163
83142
42698
50064
67897
60080
58138
52256
49080
60360
51911
17145
49149
94980
54642
79704
23755
70818
18497
6711
97698
87344
22209
81819
50960
75924
82360
15983
83851
59277
73121
36365
58770
15819
86428
26667
92250
60918
95274
41329
21277
47185
58473
86777
58516
13115
66480
82270
284
84976
88980
14333
88672
27541
12503
55983
19816
94862
71965
3667
70490
61438
56383
29260
93608
42811
55926
2209
3728
51199
43538
41356
14735
18362
28133
89603
47828
10964
88224
64464
12292
93556
78796
963
21096
91299
56945
40911
86160
45261
60929
56650
23050
17312
85909
16657
76474
58186
18866
96553
25736
78755
37908
56823
13468
82392
46425
77648
93356
34648
42111
5647
28203
20906
22961
65650
28556
96257
22913
31068
41517
83841
4069
64567
17504
6329
97575
93977
64514
16440
90529
6601
11546
44789
63423
25014
27180
26199
2661
36887
77199
44771
58885
21753
82028
81845
87403
26936
78101
10315
58003
35970
10507
78423
16888
44363
84751
14462
54691
65616
47254
61572
72216
58799
6360
51991
164
49891
78189
19176
86778
71739
63946
45662
93492
62326
43859
80894
5613
21959
7560
79967
74280
18066
58389
7519
78780
43139
21981
33471
8754
85586
95042
97321
60736
1401
49311
77252
51291
43852
96427
54420
15590
76725
16434
9081
39050
60292
6326
61014
98602
13885
40980
72882
48303
99368
80400
27082
58858
18732
60552
83963
20669
55593
81283
97757
73345
46946
75008
40988
7149
71434
95407
22738
48158
11840
48171
3559
72131
54496
64572
87085
84733
5551
76318
33035
21270
73069
76468
96479
8153
37020
80441
28821
8964
78076
42929
82309
25021
17936
23296
32169
89370
35054
71258
53879
46894
19428
57438
35376
90276
38361
22460
75008
60264
98777
24394
81533
71846
861
78012
96350
54232
74804
25170
79548
52879
68099
61856
94251
2386
1503
42771
8107
36556
14029
61986
83449
49808
19423
35177
56435
74135
57636
47794
34398
72765
72187
15931
60962
89400
10294
57311
59983
1449
98832
39530
54328
83282
17737
64930
85668
19239
7701
93774
72147
21729
55759
55595
87888
91533
7123
44323
65668
64759
92116
65
53875
80655
32347
14836
86406
58992
88498
46388
60441
87329
2270
31120
70611
20006
96049
56278
39245
3749
66403
11391
41829
22162
83337
29717
30046
90460
90391
12065
71570
98858
12130
41796
95864
60828
56631
82269
19820
45128
45009
96612
48808
47278
27731
19418
83635
23779
92047
22879
43880
58450
50621
85708
96963
50310
31776
27008
57121
38518
39073
28690
37376
67554
86837
33239
28381
43467
31860
64552
4946
93220
61163
53753
56849
88893
89523
40483
29024
81569
79714
72903
56370
30334
74962
53332
80643
6738
80340
54115
45255
35764
99156
98982
3317
85992
48573
48049
45810
80432
12601
50755
90003
73763
20860
46851
79008
26734
87333
8031
8302
83398
97285
81024
13732
72246
34355
10726
78983
31046
64841
40590
66809
80348
39571
86477
66340
88143
50878
12149
84926
63478
79256
74928
53592
16467
38130
48951
43200
41815
73333
67853
25212
70617
48876
55295
42863
83231
82373
38197
30628
63565
95138
97437
43912
34709
265
10251
39203
51142
22400
40481
30971
18007
31760
915
34473
86242
49865
77672
28056
39550
45524
69619
10166
10752
24914
53028
93982
7286
7577
40961
70850
2714
38397
14761
53774
55014
41364
9329
6155
80115
49809
53478
98121
97920
70744
32593
84161
36960
26616
12216
76509
88491
81835
86675
99242
23100
56054
9575
30385
63630
50536
17586
82696
5284
32346
36469
60297
90061
45797
82804
70175
11957
36281
68295
9877
23376
17239
94037
60335
43854
22605
36844
48697
20791
23518
47938
43890
95923
73865
90626
75905
24400
8211
58600
29683
56908
95068
6332
46969
57217
89135
17143
69173
41767
1790
95401
65142
35380
5790
25476
95586
44746
78671
44282
65536
18540
92219
25777
14463
82435
16402
90367
6834
40964
48966
52869
14223
60385
59200
61191
17601
48334
94686
86774
6452
12827
98526
87945
48206
4315
13420
43791
49060
8443
88072
30947
26982
96643
56723
41444
79077
89476
31810
2263
46791
97127
55131
61014
57512
14330
22204
91464
79015
33241
94589
1818
46067
93115
89762
94273
97429
19533
54415
62841
27975
58839
93787
54957
71833
66862
12752
50909
56337
60914
69523
3128
58040
24653
80493
31903
55334
19048
23367
50700
52289
17955
52517
98355
27421
42278
8979
41202
61811
63394
4042
89785
22232
97828
61093
94064
64689
73845
61324
37378
34758
47199
56857
9149
71851
37349
41052
43537
56396
80770
94236
25036
15076
46753
23391
42497
89030
48721
83698
67192
28466
4091
56977
67049
18270
34421
61112
82959
8265
38788
36688
59374
85986
9896
68523
74188
47244
25926
17724
19991
23047
28312
45027
54474
75064
84769
96970
80445
49841
97019
47637
78307
17461
20965
45355
35731
55385
22819
35041
80002
77958
71728
39375
63943
81623
24249
54482
45218
66526
88558
81560
5924
16869
42938
60398
91932
44058
73719
72376
93899
70738
20012
88557
4550
40976
33911
40280
12713
73081
75320
92714
51038
63399
48440
31332
61373
89041
85814
22942
71918
74371
4502
77842
91239
63791
38239
99522
7849
11957
88249
1747
99046
24613
6655
3596
81940
40565
60227
94652
13646
35547
3717
81035
15297
52157
12367
76670
57549
98180
99611
29466
88902
20464
23659
96492
84255
61897
12365
8455
90206
613
26553
89251
25225
33207
9198
7165
73771
69425
1816
3768
21323
21885
84803
36619
90393
97169
29640
47941
11700
45603
93758
16953
66066
17417
13444
66672
79313
25808
75126
85870
26420
1678
91473
67997
51236
670
75161
25007
86446
93328
45126
7768
15212
46280
60739
5604
59800
90378
69896
71499
35980
63654
88451
18398
81070
18246
85069
76734
44053
76547
62604
86825
94576
70428
54821
45812
71097
46333
87170
57543
39660
32295
81662
71224
94927
42400
76827
54726
32778
46723
42577
68757
26728
47379
3506
7797
65625
88575
882
26029
81473
79837
29205
76048
50264
377
21859
37713
46709
25380
95255
2721
74027
76916
73944
68953
35668
67122
40030
68445
30196
82606
53553
56923
46337
57059
81071
28313
61985
81953
54341
43457
78141
99898
35856
28405
274
57715
66117
63335
83094
77723
66055
57120
70990
56350
42424
6657
23471
82454
91453
70019
81411
61358
26941
27747
18416
8012
56059
96752
6316
26752
40208
808
43001
76063
45564
43274
50129
11680
6608
49575
5754
89014
23046
93096
45363
65470
16104
85186
64275
7557
55204
45685
68914
82144
73432
3681
6507
45842
432
29174
88945
56991
46334
31945
49405
91897
75219
15886
19929
98178
81812
25682
3544
4857
35129
48906
86678
51233
50443
50952
75141
5646
12989
44054
4142
2772
64086
27000
48613
80869
72526
53910
54211
18859
85854
19967
10755
77424
35852
30683
91954
34015
72717
95497
38872
24197
60754
41901
75429
11197
9205
50569
16842
22193
10974
37335
24964
91411
64335
89928
72279
36860
43837
42841
55718
29691
62808
82824
23466
15011
29859
15419
49026
18927
10915
4249
43123
71669
46149
18552
99217
55353
85472
16058
93897
96446
53393
18860
87856
34079
25140
76487
70938
68976
19327
43007
15018
98486
42182
54836
13497
72040
70254
78874
90966
97521
83122
34089
69189
29270
68992
84757
975
54463
814
94871
50908
70558
30083
55116
20988
71574
47954
8277
40549
67280
67635
71919
65766
9817
26754
95614
81856
13359
74487
89174
10879
57608
23262
96419
3229
8605
81175
20555
63067
98341
31778
30327
85250
78212
1794
6238
49785
49747
30866
6685
17026
98501
78603
99143
8317
21708
11108
90172
35067
1946
95697
62297
59553
35310
58716
79134
43914
39890
99688
23333
54582
47817
53659
39832
26028
71804
62421
75812
21550
93286
82497
54927
91786
77451
70422
102
99159
81529
6626
50577
83475
2322
12873
59379
53984
87940
38512
97897
27830
54552
21229
82411
2368
91239
38594
44748
63042
1014
20559
84591
94300
3055
55870
2437
96858
26291
18891
12368
7819
25516
62944
7645
44189
92168
67024
98172
80108
21887
12421
24289
92790
33649
23051
11510
41240
61645
56257
20633
79010
76815
21576
89661
96222
77445
92098
93079
3735
10988
21798
27905
52855
84741
35550
13395
93260
18925
11567
73367
57163
40339
14007
49953
90339
37058
61462
31578
98702
34070
68563
94063
10884
90138
83724
23457
67582
92173
32887
87668
3160
54684
15572
72366
55776
67473
85760
49036
86397
13678
38754
43560
54016
52761
9864
44355
89818
87677
92284
4871
21746
60846
98933
48981
50983
82656
72438
34916
74828
21676
22583
94339
76360
54507
83056
48487
21979
68816
97522
24728
98845
52628
84639
52861
5388
94502
13567
11557
82178
22202
16427
3923
99400
31711
52903
66734
30719
41692
1650
21898
63368
40584
32589
56079
95090
15644
4565
33421
84459
18439
58148
83304
71066
42786
52516
92805
53639
82434
20713
52168
4635
53491
72442
20386
85201
41696
87120
32271
83388
5121
54169
63107
45704
3109
35537
57146
18752
40101
90566
19563
74891
48713
19218
62308
7850
71733
55112
77840
70518
75824
30007
75152
45666
18800
11890
30867
60495
99009
63137
60234
4129
33657
39692
66184
36765
75228
23329
55517
31681
13894
91431
6571
78958
10648
68879
86807
82380
40342
80998
52897
32518
11004
44400
78183
46155
56289
9049
6650
71649
88538
83235
75777
38546
22927
41961
75311
14506
81641
47179
46186
95535
38609
52757
74492
65608
21635
77651
47987
78328
58648
17235
10845
86004
77986
89028
32158
50627
14428
55159
38627
19317
38394
14404
57863
77672
72716
49525
92177
54356
13055
38363
66242
68015
7471
40734
33622
29105
18384
97960
23784
93383
31546
34629
79386
9531
23656
11544
76509
54435
83054
15136
73752
21447
45891
47966
15470
34958
97490
7647
5665
26896
62361
71907
94910
69831
28992
44883
15287
63727
42842
39070
57109
74387
73698
36495
269
13705
64390
76778
84492
47443
8265
58243
85242
54155
6208
711
5464
20049
24709
11128
46944
87069
99386
58205
56899
28377
3087
72185
92103
45928
27607
65564
36666
1304
2058
36934
31361
82799
30063
15852
46593
54679
90446
31834
8833
96653
48897
30648
33053
73605
58128
79996
77026
57513
54552
50276
2242
57638
22461
10696
3565
66419
76259
56582
84074
94668
93515
15434
77466
39930
47637
24059
94608
38082
72244
19793
51086
21140
50440
84138
11097
8567
80485
88122
82432
35036
38397
1025
92673
77209
11720
12589
43627
4331
69170
27701
98998
79037
59486
92816
18966
7123
33226
29925
45204
5469
49717
96290
26609
16509
80427
37705
41427
60912
42178
40210
12299
80574
41234
21324
74135
52954
33912
17761
57284
19434
61813
72633
98470
21299
65448
33787
28421
98673
80063
73624
4142
29780
69913
47102
62640
50340
1158
4066
27603
43335
44276
56253
40260
1861
77576
14394
54814
27840
32155
28449
47273
93967
1082
62094
15265
66529
12232
43685
65202
92294
33661
85695
38425
3573
32796
1064
70264
33953
21482
14218
93639
82109
70471
33898
83969
48046
64644
55135
75885
96798
83583
39509
7116
84664
1602
38733
51193
30185
98769
32746
22479
32429
18440
60903
52354
51235
78319
22617
1539
99800
36835
11529
98260
23657
61778
82228
88054
26421
37362
63939
39570
37297
19799
46686
21960
37753
1770
89504
67937
16890
22249
90415
49319
40688
67670
1672
8274
45988
40640
26164
62139
93826
37692
60398
17482
15822
58977
5536
42242
12691
85826
81812
49987
5624
44849
71946
43376
46618
61450
11313
63507
50
18079
29177
57090
85748
47200
81715
31735
87840
7879
10225
98017
61922
70622
15499
77743
45951
21034
36337
58641
23211
18148
24979
45186
62996
96924
88562
25965
74725
16226
5823
91127
34304
35000
48216
20052
98551
29930
68138
2742
54160
78363
759
32434
65336
16257
10176
11286
53642
46512
86278
76852
81011
11256
22037
44006
24532
26950
86322
15608
43175
92145
6734
93831
43496
71301
30234
42046
17583
14723
44788
71742
93085
45546
4175
74773
78154
30703
2410
31795
93566
88688
24998
74577
16295
63386
34934
40826
6688
21256
56434
66214
29752
79519
60044
73247
67172
6629
31644
84754
21352
92783
56495
30788
38328
77022
5560
32833
7724
7970
64627
1289
13009
5976
92217
29303
85714
43503
70129
92401
64758
42914
58614
10861
38784
35010
459
5955
41638
32102
90708
62989
24885
63555
10129
79564
40576
15688
28749
48299
40009
9727
65939
53017
15703
74508
98672
1416
18010
68800
10168
82767
28065
68781
9979
83200
20142
10437
89155
61780
58890
96214
41120
126
59768
51248
96042
343
83288
24790
64993
39648
34516
30932
9017
50218
21791
7688
67985
39800
92839
94504
22566
20903
79637
48896
20454
99778
59332
9608
77909
34573
22174
35381
34699
81941
2980
30740
98636
2619
71881
63628
42267
6396
10911
51283
72966
32701
58970
57302
72500
68160
51806
11417
5414
31442
76664
25867
47571
52347
51827
25480
86920
74000
77212
37970
72292
80191
85061
70927
82810
56941
50907
41428
63336
78169
92710
36301
27222
68031
93603
16073
36190
61760
43842
41603
9553
20505
67469
57123
89204
19295
98954
76123
9646
76165
14092
81938
72708
15504
52864
71869
72444
20122
13296
35779
98291
6005
88432
25512
90387
98386
57936
26576
60145
1777
84530
69697
38634
68350
26819
27837
87645
42125
20311
97290
34641
50754
95579
7348
66257
48443
79216
38700
68564
92511
74478
83206
14867
79261
25069
5253
77646
83005
48180
37790
1133
32709
23838
39766
1059
67009
83954
5055
9133
4264
18696
43773
55017
14275
67473
21273
62717
46688
59972
47632
55551
50802
47190
70417
30062
72258
92022
24060
71614
40201
61849
89099
72910
2039
45216
73968
69047
29170
79022
78179
49785
97717
38303
4802
11991
5775
42426
91059
68815
2398
55043
24365
69551
2232
11133
15964
90841
3154
40023
78807
43355
18224
67905
16264
20262
13120
6583
89308
58641
1956
83838
8426
99672
38492
13227
28015
44267
55652
35425
13081
74401
90467
53797
60303
9050
81281
76267
16243
84435
32641
95049
27789
67216
62953
60404
87477
92424
66986
93136
51065
68941
93325
59490
84964
31817
89068
29330
92435
44719
64755
21867
35472
71573
75663
95774
80623
56943
72040
13217
57729
21033
8265
85517
88248
87569
62272
92077
79992
45609
1564
31056
14549
94889
6897
15865
43057
95964
45194
35491
57035
26300
57357
92506
97873
49371
88279
94847
22665
76671
8063
80394
14055
16327
82262
2302
3895
44534
10730
238
90142
12294
31294
21043
23534
54542
36907
66590
50506
98452
18432
7540
24752
75788
16397
22624
41510
4675
17470
64174
97697
41884
44567
11751
58210
26829
30405
78456
71362
41134
78693
77855
69779
26338
98897
9664
80880
35803
92605
47737
34255
11036
55276
59006
3175
71672
97981
44684
92698
31802
8858
90395
73685
53424
18497
31894
80252
48901
26701
67965
6387
5393
45820
76165
48083
44716
85829
28962
96871
78433
76698
47477
5821
48325
22834
8995
36348
20814
53679
29045
68967
78888
35791
42651
32311
54288
90896
28915
19540
17596
13231
25926
39340
75402
18443
3774
36470
20623
49087
33340
99055
25784
97168
21227
90460
20001
30222
26807
57166
252
72204
26132
79139
24346
85134
27801
78633
76029
73067
14525
9976
2650
40450
65667
78051
75244
69441
14520
95866
18527
64211
11273
60663
61378
32499
67474
81378
79072
94281
54895
79323
82836
81026
74813
7181
82511
18966
2166
58539
92032
16690
84866
11033
73491
50533
89084
65087
36325
19955
60952
54851
84166
72224
31865
45543
21075
99339
43273
146
9971
98167
95821
9158
95545
70633
16338
78055
5950
34855
52946
97982
67896
37811
25366
41387
4695
14449
6473
41019
50756
83776
12222
34921
72352
44086
96815
93426
59776
40087
9923
86098
54606
5743
95255
50150
92728
11593
44556
98677
62799
97501
13010
30695
51664
38376
72081
56358
69176
94905
13729
36283
95032
25950
71203
67383
86387
68018
77160
46163
24456
87083
32260
79061
9177
27515
45562
1904
55459
90118
16933
18257
3970
29942
48951
71985
84669
37383
28343
70197
48639
42071
6479
43671
84372
94034
27405
70758
62051
4565
16920
2858
91647
65532
81919
823
9398
27480
19079
64856
33949
36011
99464
54271
82304
64767
26255
66973
18501
70949
53521
67140
29371
59999
27162
13742
54032
54566
84500
32434
59130
17771
35292
50776
83302
33562
67951
92699
77393
87029
73906
11342
23039
89722
81964
5342
54488
8218
88666
72988
79167
42186
56479
24889
18537
99992
38631
88920
54558
39482
21354
30039
57252
72997
97167
56906
22910
65117
65956
302
68497
56214
27995
91535
45935
9958
13228
16774
34528
18246
89761
13694
76783
62592
54934
11671
62583
93564
591
33492
33045
38296
63531
6649
27644
60697
63554
50553
25813
45861
50854
10661
2074
78849
18547
48008
5158
31774
64781
39685
66371
70894
69730
59506
49837
24664
71176
12419
18227
88118
45911
67624
26413
9441
74272
70408
86489
54177
20960
28653
37
88166
39313
2111
67014
57859
66470
88523
5984
47603
28208
72355
34848
97937
48212
84684
38952
19387
13454
57179
7505
59364
41154
50269
85156
31777
20677
87996
85953
41636
16648
85989
46153
55960
4451
13166
30170
87273
18041
36154
34875
46248
24860
86074
60536
73071
70757
99488
8809
84210
73018
32665
59926
14171
82934
61433
45947
19962
49429
31899
77949
66076
34239
24102
38388
55042
53619
68557
42314
71659
21062
93540
17906
45921
79613
78442
35343
66721
94281
44152
50930
67298
76816
27207
97820
76101
88640
43766
96062
38068
92016
74011
20495
42606
98112
75234
97647
51730
60143
56312
39741
81204
49851
57646
27125
45815
52439
62467
12535
63071
22970
79817
30368
16138
7023
28187
92238
95662
88304
4652
50081
80319
78662
86928
39277
93125
62161
36923
61206
22303
9587
946
19859
59437
74944
46983
21604
43734
25801
34138
6805
65123
13954
53524
81260
20977
98063
89849
32990
86366
94500
83071
83037
89513
86350
22313
82637
48510
75587
60195
87165
85173
77492
7023
60962
68787
70357
82565
12521
12509
33054
35677
77631
63360
89200
75242
688
87262
65091
33677
73628
75942
33099
73016
65455
35800
95328
64443
84310
87266
24637
87826
72439
18481
11200
33400
87267
97908
32316
99787
26768
81721
51815
4399
45080
41015
95992
45767
44628
77434
95796
34607
53376
45246
7622
18830
81046
19301
83272
81707
6567
24261
85884
79005
42741
97083
28756
30007
11342
77423
46146
38109
59143
97960
58859
4223
55326
54851
66341
99954
32284
78488
34560
2011
23734
58534
20840
21131
77834
20464
2837
84400
61076
88720
79756
3816
2154
8511
50174
13495
85933
12671
51603
61428
26983
26814
82002
82308
81664
48342
98613
30299
43182
49525
48662
66915
8058
85853
4397
85891
6316
7233
86643
83743
12304
66398
3910
30809
74909
54084
60655
77193
83106
28609
54972
10088
55422
36973
8748
53437
1667
23712
88
44848
73236
48749
28114
81293
34601
32510
83536
57269
56094
70178
41011
84749
36575
44921
15557
27835
15356
76211
21380
98461
4819
76351
24901
76593
13324
50000
30029
14990
73711
30116
59837
46947
78864
4302
44591
29817
36811
28126
87085
9256
98303
28095
94004
34878
89367
9560
62712
4722
2122
84091
19535
23292
76794
44435
99884
90117
10786
29913
21458
84496
60028
81294
47794
55244
85595
92385
85060
38757
20510
88496
48012
18813
16590
58367
70042
22309
67926
49105
27030
86399
49548
46564
9690
26341
7350
9574
32809
34487
55838
54266
18983
32217
35559
83128
3812
37505
75512
88871
92613
12374
77366
56976
47538
10308
15342
17579
32616
99619
83035
75997
86017
32582
38913
12058
75274
46262
37983
8082
80749
93820
62347
16083
42389
14257
99210
46200
68113
91074
51423
77077
3447
28788
34052
50984
55447
49393
84914
4414
65363
67948
80411
67731
16882
19323
79789
92155
81936
17771
16589
79036
27943
78935
11470
70331
9544
27032
16530
77656
18105
67952
54733
37903
13092
88784
88886
84890
54529
90151
89304
36243
74450
86066
3974
91331
5388
83762
99838
3675
17884
16426
82711
45826
95360
94180
32508
21255
21211
49038
98911
55667
33341
53643
93569
62784
58778
98806
47674
29658
88956
53329
65901
79758
39394
86226
71088
61133
69987
87277
81159
4222
3702
63869
50048
15414
74401
82555
36668
11963
47944
51930
83982
97637
5572
77550
60420
80702
92708
24445
26711
98015
77773
8963
77772
33518
95188
48860
11002
81526
52488
92161
2100
56190
72381
68499
87955
46781
51053
24622
75096
15349
76552
59077
12985
98475
52978
89756
95528
45685
30553
38591
43700
8325
47553
21471
58195
59093
86682
69196
56970
39170
61356
59069
11711
50089
27567
99665
96869
94972
24286
88316
26672
17189
47392
39656
32016
16722
45763
27543
62406
76315
66133
6105
992
30038
43928
59186
89130
46961
44733
62451
2482
22441
21520
14192
72529
65438
13856
85749
60409
54494
74065
87080
88034
37808
43087
20049
54529
5202
47592
33287
81516
30076
55743
98859
60113
99670
74396
65594
62983
19129
28045
65464
57921
49564
79656
46801
15001
9863
32549
91762
64356
22965
95193
68742
77125
38280
88790
31653
43481
36381
81291
41348
82809
37034
40207
42921
53055
30954
8515
16037
66434
36559
81501
24354
2474
77508
71154
33826
87370
20055
25587
68078
59371
20780
36819
36495
75411
25608
84500
35243
78341
65790
76590
61149
2823
33148
4069
55878
64102
28935
88266
30535
81845
69766
71241
84318
47273
58746
18144
50995
78800
60082
19072
38171
97213
55890
91017
72623
97849
75516
7865
76189
57658
807
53689
60480
33954
74110
32709
14407
3044
37327
44942
1241
7092
32534
85558
70717
91279
20053
21711
70079
96487
57134
24601
93699
29375
15617
82674
27223
7485
90538
19764
65142
91344
73452
41973
41650
63913
91034
72408
83309
28360
17349
84549
51803
66234
70106
22519
57513
6511
60581
43943
2997
17714
68543
13047
63440
511
95720
90663
7995
86258
10426
89488
93953
229
31461
51954
64142
38846
24362
47450
67205
58062
31998
19007
24296
18455
57878
98160
41317
34810
42102
60665
68876
26996
73712
32315
27506
69431
39329
51853
72040
49754
57692
82345
66335
89152
34298
46828
27997
75011
94277
11553
33073
42626
46912
73720
77432
21141
71879
18749
72302
13980
79413
41177
57327
53124
89844
84832
38907
29172
53036
10946
95278
10728
9642
61612
16231
60292
24791
60580
35302
19067
72132
84726
78044
35395
58445
55475
56535
46675
90575
28837
77006
69988
86365
34332
39463
92560
35516
78369
21732
88551
5667
33361
15630
15308
11324
31861
75599
36114
92440
27253
71532
80923
11978
49575
16318
86775
21401
89204
49801
11976
34392
43159
81963
20757
77490
37777
29668
29357
32498
51399
34260
38164
1111
49889
69823
12434
81749
61774
48547
74188
5378
20078
55111
17355
86004
87780
20481
7405
76983
70282
19380
11375
13440
17694
48483
7281
55470
78150
36638
4319
45901
70897
58834
47011
20785
28657
75797
18886
6782
24343
9425
12159
60773
80887
45865
46776
68666
66346
54180
62001
52979
89911
73375
82770
23956
38209
90050
95778
32710
43039
96
78610
30287
58930
41973
67424
3938
17769
86309
10719
58463
95733
39229
19235
76620
85093
82363
61637
67790
52894
23637
20768
42805
13363
3537
66760
51571
9939
78889
633
52977
78985
79242
99616
37914
37566
67039
41851
71686
53347
68921
30149
65431
8149
65735
58402
9593
48097
20039
93735
991
60027
14502
60147
89742
34391
43258
57664
60681
22147
58296
30009
1131
53890
29624
55396
91455
96662
13598
63141
50008
82518
9641
31791
7018
75375
90192
32962
39824
26582
26696
57166
86609
57550
33664
92702
91940
76921
50365
68972
15419
8661
98980
32901
62550
28604
4648
70356
25265
18245
49848
75273
17114
59488
7063
24131
51215
13606
57093
7390
40188
140
64555
43148
57689
98218
35849
65980
91490
86213
34951
23261
11225
33931
56161
90126
62534
60809
60482
4150
95405
26681
95774
12519
2521
19188
36649
70087
32794
10093
77476
89333
26585
42030
32480
84273
56599
84680
66605
48088
87244
1555
71348
98469
51837
43861
4946
30722
21021
81779
34872
16425
8460
30645
28943
27332
49833
81944
97418
98978
8388
74893
88310
34972
33274
37141
19245
89872
21820
2201
37959
9063
3755
25659
23883
71944
69519
28829
2665
90539
26959
53888
6963
35418
885
52258
79101
67069
34201
76518
66046
42588
51410
70707
77560
84683
7847
13156
90906
29666
15356
28865
55080
35462
54523
78963
23757
40393
24143
42774
30931
51101
96661
54245
2871
13897
6502
81971
80965
40702
58489
63362
99642
26250
34068
93553
27285
41914
6708
18190
87931
38415
63406
43011
90228
34280
38325
13985
74672
62467
73110
21954
29919
86122
92551
32789
19
99052
31112
80983
56106
5952
60697
72099
48553
94764
65651
92189
36678
88710
26731
24608
27124
90136
83970
33703
40768
22294
64039
31791
84760
37148
53745
31031
23270
46295
80171
23288
61698
11282
20622
17803
33585
81318
89901
82138
92434
71903
74326
45463
60612
1056
70070
4087
7544
70392
37790
48311
92685
18180
80101
93797
55328
50197
24827
94949
12843
4997
34588
74541
32631
71561
8695
66215
52879
14948
64704
61664
86850
55382
7126
47462
72789
93547
51548
96684
63938
5689
44994
56623
23869
41447
50419
95548
7995
91597
6848
20838
96593
41435
95378
29223
12995
20424
11790
82225
35371
92845
43888
22221
48226
51013
69682
37367
44560
37581
34050
8497
43270
95396
81471
83490
36842
31889
95389
61188
23485
2236
82025
36430
43670
93754
82004
73016
14178
10145
55241
49548
2990
15480
71768
67567
66493
57801
4933
27404
95382
38983
52252
55003
34378
33723
54844
87571
81963
50232
65110
21800
52467
47135
58229
12488
40888
56584
85503
71417
66729
40743
20965
69718
56223
9084
53636
39067
66885
58569
82822
78618
13903
35073
33620
64632
85147
88463
68554
67110
38694
33663
5261
7512
80797
63489
19999
38037
36424
5501
9453
3152
62596
46769
89221
35170
55853
59209
74236
39089
17777
73409
17706
31679
8481
67677
12662
93628
56139
81215
77089
11184
14877
82349
18695
95674
62189
38693
50062
98612
60545
75866
18116
23140
38987
23688
58309
94839
82896
48896
50279
17024
22304
84336
65054
47137
52012
77715
57116
8150
58929
34204
35685
73806
32904
54379
85831
95092
9423
52244
10055
69967
28109
44522
9459
67095
68210
67767
78285
67457
33015
44915
84481
55318
29250
49534
2454
81261
43601
59569
5762
2529
10124
41446
92686
43027
12176
94868
54470
37950
47111
64525
7917
91572
25398
33727
58666
93607
1493
53303
77416
34507
98217
78248
6177
27467
27781
24982
25079
87733
903
47193
90262
11026
88638
99299
70405
17166
94167
41226
55115
41277
22102
79383
32848
47500
13109
7866
57458
30954
77520
34873
81812
75736
13120
4340
19554
57253
29322
44633
44985
46576
91825
51598
73953
96814
50897
44357
30331
45063
85583
1798
2691
7684
81180
51891
71535
10641
76108
28993
57946
53627
63865
39757
29362
93337
60449
48916
50589
89770
9900
95573
36345
18076
47171
10297
31241
14419
71006
77924
59481
72940
79721
78523
96975
77252
30413
68510
87892
6520
97502
45837
60146
77718
1946
5860
71054
62394
71127
21642
68515
81026
33567
21211
15453
97089
47859
63045
11507
18864
40968
87339
8155
37040
65861
5130
14292
96274
73639
18535
19145
87492
80724
79291
65209
82669
1502
36263
61414
72628
74256
46280
70005
7822
67490
1809
4910
15348
64853
32768
50564
22173
20106
58718
59212
85967
63847
89855
98592
53837
8390
17736
57680
89113
13378
22889
88133
14879
75503
65898
87506
49758
12177
57510
73932
96018
75670
95193
11365
40523
27961
78280
79047
48066
36998
54610
50384
17196
44465
48975
87385
69206
66711
45064
74670
96440
67952
62802
11319
59806
45051
15176
9564
73579
89038
99847
69596
64707
95039
97312
21581
22999
75592
627
87417
28941
55237
37800
46136
16053
3127
33520
85258
86189
78584
59927
82628
62887
39080
10298
22693
482
41826
48608
74060
30863
48454
60007
11921
43492
57318
49854
82843
49261
50480
86611
78201
22068
40762
40689
54472
43888
74208
39729
30076
69143
16007
12704
