4514
6913
4998
7667
8971
7207
1536
1788
1684
8049
2496
1016
3131
6801
3508
1802
2521
4786
8684
9629
8250
8800
2609
5718
6029
8057
4540
2322
6919
4
7636
527
7299
8677
7507
356
8851
3050
1695
7193
283
2996
6539
5176
7631
3239
2829
172
3214
1485
3993
3215
4699
1628
7277
4293
7533
4548
5115
5500
1101
244
1792
7222
1993
5850
9291
9054
3065
4573
1230
262
6920
7642
4793
5782
177
9148
7721
9697
4086
973
6030
4859
9753
5312
5307
9764
6090
9158
1842
1049
3127
6417
6101
834
8758
7663
583
6100
1468
2239
4877
1477
1721
1826
6268
9524
1137
4175
267
4863
6368
6227
8937
7562
5897
7446
8056
2867
6473
5666
9014
7056
4385
4080
5579
7657
808
4320
1879
3826
9040
3494
6192
7777
9591
227
9639
661
7422
2607
5022
5376
2871
5026
3509
3442
7413
2393
5505
8908
8488
7092
6836
9763
6104
2501
3661
5223
3044
8375
1797
843
7800
3369
4444
3851
3427
5373
7919
7556
2000
4147
9638
6083
559
2874
2653
4758
7373
4372
2178
5843
5665
4782
8230
5702
836
6142
2991
8098
9754
910
9954
2578
9031
7995
3710
9226
6210
5150
5435
6181
9199
8500
2091
4655
6887
6989
9079
3081
9436
6370
2291
6879
1159
2859
3709
122
8678
4266
5153
4411
5305
8969
7296
9208
1106
4295
606
3793
6686
996
2324
319
9118
8455
8567
937
196
7510
7281
5149
6509
6303
4576
894
4026
220
5478
2984
4845
4772
3182
9813
3501
4858
539
2593
6643
2832
8801
9846
997
6758
8894
4912
8345
2831
6640
471
5728
9513
688
7757
7746
8247
22
3219
8187
2577
7226
6890
1371
683
530
5778
2804
8329
1851
8236
9613
3085
9506
1056
7849
3988
5675
149
6197
7468
7097
5084
5331
9438
1575
2557
743
6435
5749
1127
6256
1206
8188
3836
3953
7464
4611
7516
9971
5543
2243
957
9912
437
8502
1213
8074
8042
8957
1519
2877
4546
2724
1997
5797
3053
6548
938
300
7584
4590
8757
6474
3777
1096
5727
1233
3302
9570
4366
306
5642
13
8131
5558
6569
4454
8555
8119
1030
9720
9023
5967
3245
2994
6327
6
5948
3567
6010
5266
131
5347
1052
626
5995
614
934
9496
5301
5884
8344
78
5445
8824
8832
2023
8148
1095
4431
612
8903
7932
242
3969
4129
3281
101
528
5429
1984
5662
9470
8302
5414
4375
2907
4221
1090
2960
7065
8769
5886
3074
1393
5009
2146
3294
5141
4269
6960
9521
7546
5568
9205
3738
1409
9363
7499
3346
5751
1139
2640
8021
8552
1480
4370
9901
6488
359
8729
1659
7616
7504
6855
9725
525
3037
9556
953
7082
7415
1236
7945
4572
3496
6736
4574
8051
9332
2545
7283
7375
4995
2010
2163
7910
3654
414
7934
6167
1069
9011
6251
4938
6857
7139
7249
4704
2536
9073
3021
99
8376
7325
5417
192
3238
394
8563
9646
2786
6524
3996
5036
4104
7178
8770
1501
3367
6443
9784
9582
5942
9449
5069
8873
7968
7502
5616
4551
7200
363
897
6971
2793
7309
6475
2080
3714
7839
5159
4612
5367
640
1349
8025
3625
3486
1680
7939
5628
6886
3727
5722
521
669
9179
4237
1169
9632
7042
4812
7129
5160
5136
9473
9257
1183
7956
5088
8689
7048
5716
435
6219
1461
4434
2518
4322
7524
2245
1932
6842
2594
6629
7124
7177
1036
6323
3136
7450
9398
839
2041
1314
8169
3031
9216
7481
8674
5344
7726
3771
9503
6988
4639
1256
6084
8736
2365
7778
6079
8531
9154
8625
4480
8231
9569
5717
546
8694
5536
9244
7118
4252
3664
4076
1662
8168
9098
9593
8208
8465
402
9933
103
7681
8601
5286
2810
6005
6089
9227
4178
841
8730
9065
5823
961
7977
2635
3938
3649
2681
7276
7826
6694
786
6131
9667
7221
1768
5668
4994
6663
4613
9855
7984
9603
947
9247
2879
3282
656
1779
4037
2811
1687
5492
913
7808
8211
7424
549
3166
224
5059
1111
1857
6761
6616
8621
6927
4600
3516
7354
2765
3440
8475
692
6331
8333
690
2008
486
5216
4401
2806
760
6586
30
1309
3315
8988
3013
4958
5121
7878
7620
7815
8605
2109
1734
8776
3110
3181
4016
6230
1489
5346
7511
7069
9423
9083
2261
7896
3071
4240
257
1670
3510
3405
2611
5000
9209
5632
9581
3273
8507
649
648
9175
1892
705
7209
1287
9665
6283
4361
7219
202
330
2115
8321
5961
5224
1184
600
8886
3309
9403
2963
3403
8486
9986
3233
9619
5105
8462
8703
942
6521
7913
6405
3792
6053
2900
8606
9873
1790
6236
7282
7851
4927
7271
8546
2747
6789
5982
1874
6087
129
1200
3430
9350
4386
7541
6766
7179
5096
9800
924
5400
5481
2244
7305
3366
8003
4097
3657
5171
8280
4139
3762
7430
1881
5422
6179
6780
9296
3592
9151
8177
4007
4197
1875
3753
1050
6098
4783
3301
736
8349
4778
4277
337
5546
905
710
5162
8787
105
8977
7002
646
5295
6774
1614
4537
8110
4751
5070
7781
3529
1622
6833
3922
406
4309
4399
589
1156
6767
1019
5987
9518
4441
7473
9640
4988
5736
1654
2779
6060
4105
9856
6806
6633
1442
697
5248
6252
5203
8870
4804
2595
6796
2513
6423
1507
3690
2753
8783
9099
9347
7408
706
5272
4448
8353
5270
7445
8997
8077
8294
1491
4141
9138
7012
9266
1033
476
650
4669
9698
3200
8592
3828
974
1020
8431
7953
7854
7868
7057
1339
5754
5418
6361
4774
9185
4510
6892
4392
5757
9166
7544
6810
976
5169
26
7989
3439
1443
5497
3512
4010
7083
2675
5506
7244
3528
167
1973
2956
7817
4628
9779
6209
3880
7258
4182
6261
1311
2926
5148
8781
5249
7972
1462
4477
8795
2975
7321
979
7001
8469
8265
6618
8183
9578
3079
4084
9750
3457
4424
8095
576
9070
8960
6614
4653
1902
7330
2509
218
2332
8257
1542
1528
1204
6565
1859
295
3595
1711
6547
6207
5175
5241
7412
6969
1291
6678
8038
1581
5978
7653
2988
7892
1276
4460
2932
7618
1201
7795
1098
7969
5762
2449
5383
6597
2390
8985
6373
6003
7585
876
9327
6964
2846
3084
6819
9453
5947
5427
5693
8762
644
1444
737
985
7609
9983
3099
3734
639
730
5208
4066
3002
3126
2077
4727
1789
9302
591
7049
1057
8048
7662
9835
8200
3557
801
383
5735
6958
4339
6720
7928
8687
2479
1087
4286
4146
135
4327
2463
9339
1523
7384
4984
333
7981
5930
7156
3192
2678
2658
1516
7904
6556
4352
9736
7096
2042
9907
7771
8775
8385
1093
9626
4502
8435
2788
8615
6196
3800
1913
1692
2853
4365
8511
964
4971
4769
1849
170
9985
5489
2499
7013
2943
3562
8798
4962
2502
5395
7022
1354
2773
161
3228
9283
54
1810
6745
5661
5421
2266
5378
9563
5374
1398
4566
6151
7371
3741
6241
2413
2159
6837
9067
2876
1179
9057
1154
1796
8105
9222
4587
7740
4688
8243
7659
6901
9119
7676
6594
488
3671
4497
8113
2175
3878
9687
8865
9721
1355
3257
3082
4535
1429
9110
1688
3927
7043
3644
5630
7621
3981
1942
2014
9832
9274
2489
6466
8823
4836
71
6158
7086
5457
7236
8885
4608
2511
2751
2761
1455
4265
2271
1748
1414
2238
5864
3506
9424
2491
6753
8007
2325
3856
156
4004
5587
2579
7395
3225
2451
4394
3971
8197
2335
1682
5532
4776
6280
178
376
418
5613
4957
367
4642
3384
6984
25
768
2116
1868
14
2321
3115
6658
1753
5523
6587
2110
1222
7000
472
235
2073
5106
3872
6963
4231
782
9551
9820
8342
3056
2404
6885
1746
4246
8535
2215
9024
9786
1839
6376
4875
2064
7532
7803
6653
6948
7567
854
2674
1588
6305
6445
7431
1473
3689
4299
4737
8849
2201
6818
6299
2380
4538
1911
2065
4956
9682
1240
2882
9488
3569
5549
9395
9090
2277
1225
7970
431
9452
7460
5538
7358
2839
4946
9354
9671
869
8153
6916
1181
2114
2218
4428
7214
8759
9932
353
2600
4726
7497
1903
2151
3724
5095
4013
7318
7911
9141
9046
4310
1268
3394
7996
1165
2764
4063
9444
9710
7529
8579
3700
1381
5448
1604
3338
9893
4627
9702
2883
3650
9956
1566
284
610
1467
1772
9811
1615
9045
2532
6410
534
6409
602
8784
7948
8572
1003
3236
3286
8953
8778
2363
8996
1132
5061
969
4637
7725
2679
3943
3929
5215
6962
5085
8090
2448
2818
3292
6074
8268
4565
1385
5958
7947
6115
3579
5929
5537
6998
5412
3051
8520
5701
106
261
9961
4285
5420
5555
7926
5477
998
8483
1028
6329
9219
1853
274
565
5968
9683
133
8573
3297
5029
3968
2641
1300
7514
422
5810
4973
4478
8853
9944
9412
7112
3782
7545
7679
6516
9559
2927
7714
2749
7439
6360
3662
8877
514
3945
5516
8224
2904
8732
1317
6973
6180
1691
1583
110
8720
8867
7032
7852
3866
7128
5858
4506
1346
8533
933
6304
5992
660
7428
9534
4846
8585
9340
9491
986
6350
5676
2720
4559
3816
1862
4665
3189
5624
6413
8668
7776
6184
2727
733
5572
5109
6155
2458
6176
771
3585
51
6520
6193
6816
865
1619
3583
7688
1041
1917
3177
4918
4759
7386
2129
2349
8102
1024
7409
7974
7847
6550
5531
7929
7158
4854
5410
6244
1301
5130
8629
3353
8405
3460
4837
8995
1532
3527
5391
4738
2540
5530
9531
3500
5013
4725
3287
1520
2631
4194
9176
9408
8065
7683
8092
7891
6999
5848
6715
4250
4476
2196
7812
388
2857
5596
4284
1709
9902
8808
6846
1010
8986
4216
1221
7486
8545
6441
2510
2240
187
1841
568
8107
3256
7457
6186
1618
6300
4101
5945
3468
9970
6277
8709
9658
6433
8332
9768
34
8812
2710
4472
6655
1950
9294
6054
270
392
1032
8411
7830
9437
7147
2113
4118
80
5255
4042
3905
7077
7285
5289
9881
6831
2415
7661
4032
9635
4164
5784
1738
1510
5866
2066
3388
8755
5892
9979
8417
1765
3631
943
124
8133
494
8707
2452
2231
6773
9305
4617
2745
6296
5237
2323
5377
9899
9251
8331
1954
7759
4283
2130
7176
7723
3946
5740
1177
7479
3374
6015
3861
6751
1563
3107
9285
4187
1117
773
9652
4511
8416
7797
8518
3758
3863
1568
1629
9866
532
7572
1280
4903
4521
3589
444
8590
5265
5334
7237
342
8628
9055
8063
6019
6190
3144
4492
9007
2344
8426
6647
5062
8947
1907
6949
8008
1980
3852
8549
5484
8264
7031
1085
1017
4199
2329
7979
7646
6785
6699
6865
6357
7576
4015
1167
9540
5056
7712
6099
9357
2257
5218
7213
8421
5724
9009
1091
2319
9300
3607
5710
3411
4610
3096
9356
1735
6910
1576
8714
4169
6844
8407
8454
8305
794
2719
4910
1693
2637
3088
6398
1421
6542
6513
440
4710
9490
1253
6097
719
1063
204
3535
4928
8599
3414
9451
17
8061
8803
2651
4707
901
37
434
3392
6823
9481
1012
2094
4703
6856
940
4368
6593
1756
8504
2677
1494
1600
9376
4520
5917
5732
2750
4757
5984
2369
3839
8503
3478
2158
5080
4354
6007
8216
6805
7076
9935
1538
3095
6458
6809
8447
899
4271
5123
7531
1526
9706
6494
7314
8656
7678
1147
1217
5618
3620
9091
4035
2787
6598
5110
8655
405
1986
5125
3093
7704
8600
6827
1034
8636
3382
2947
2252
7472
9558
8403
5639
9221
4873
6642
8532
8222
667
8613
2945
4588
9571
6787
4133
8920
3248
3347
2782
5598
9191
9120
3642
2592
7882
1282
7899
9041
3159
2436
7317
2070
260
7698
8701
1196
2979
9938
5802
5126
391
4341
495
2367
603
7731
554
5615
6741
3268
4843
6493
4422
9351
9486
3803
4405
7923
1054
4604
6282
3853
6931
66
8494
2650
6617
507
7856
5002
845
772
6228
1224
9802
1350
1974
1933
3001
5526
20
2359
9281
2842
7569
5690
3560
2565
1361
5023
2893
3638
5889
7598
5990
3578
2527
7744
2076
9021
6221
6951
9095
249
2026
2089
9911
7885
790
9477
8301
895
4151
5261
6545
552
6893
2198
1252
361
6791
7320
5503
8647
6560
5178
1999
9018
9598
6654
6985
6396
4694
4326
8764
5870
7387
1390
5571
8470
7328
5957
4173
2385
2054
3376
1364
6055
5769
4963
9389
4760
3701
48
7709
9431
7027
8239
1870
4990
1
1428
6449
3424
3003
4407
4138
4681
6961
8272
2978
4483
385
864
6800
7999
1894
4529
5112
6659
2992
8322
5045
8347
1577
9992
7071
7459
619
883
9380
7093
703
1306
2575
5574
8738
6004
4057
4890
5441
9838
505
6848
8499
6863
6153
9106
2137
4693
1718
5882
4813
7162
4781
5608
9428
8602
9988
1920
5018
5880
5315
423
7588
9355
3187
3864
9951
9549
9229
3443
9414
1873
1573
7577
8115
6939
1844
2420
3659
4471
8594
7957
8834
9712
779
6164
3681
55
8292
1438
8075
4162
9504
1113
2432
1642
7862
3616
7978
1363
7075
9701
829
1374
5491
2741
7079
1135
6366
7801
5463
6664
9060
8880
4530
2822
5102
5001
5553
130
8009
3280
4059
8318
1483
578
1290
7212
4913
9797
8259
5578
8981
258
3331
1972
8979
2149
2552
4677
7035
1511
1283
239
1129
7417
6047
9277
2504
9959
3316
8737
8856
9969
5480
9035
3413
6140
2072
6239
255
3766
6419
5567
2537
4921
5911
4239
1896
2442
7522
3682
3116
2348
7827
6068
77
4838
4517
4708
7574
3320
4862
6162
5165
1431
1590
5656
4093
6250
9900
1074
8649
3736
4311
243
3663
5431
4355
3113
7370
6826
7141
993
7108
6389
1991
3713
1418
2256
4607
4675
5986
1579
4575
2652
9068
4955
8696
7693
3593
6263
5041
9694
4631
7014
807
8487
734
4074
7020
1084
524
8497
1437
6690
424
3357
3005
3773
5623
2863
2192
9918
2312
7498
627
8866
8030
4534
8931
9510
6953
8560
6987
3817
1254
1239
1645
3519
4001
3524
8890
6235
4338
5746
2330
8926
23
6924
9982
6768
4601
6093
5114
7399
7490
4638
2495
2477
7888
194
8016
447
5355
2614
8072
1478
4997
2714
4061
9839
7967
4236
5405
4215
3719
3094
5472
2794
3842
299
1209
9609
3833
7019
5792
5831
148
3101
4730
5876
2657
4069
3024
6841
2408
5647
1625
5385
5494
4166
8900
1447
7206
9584
4834
6484
9017
5811
7111
1380
4696
1164
3269
8522
1412
7506
4273
7003
1281
7884
4767
8355
4626
5485
2063
4582
186
6386
254
8432
9493
500
7697
548
2079
8395
8779
6085
3525
3821
5619
9059
8970
3150
7605
8698
3554
1655
3787
8043
6523
5226
3801
8258
8607
5704
1939
4432
721
6384
4905
6291
6018
427
6535
1318
9723
3190
2164
3019
3645
273
2296
7115
4186
8017
3602
3234
4388
6941
8672
3517
5819
761
1475
2259
6763
5970
3940
3007
8598
3608
2630
8238
9615
9729
1631
5151
750
3069
2934
778
966
5271
6258
8303
6399
8379
8099
6021
2168
9580
8226
3145
1554
3337
2529
9564
9742
3674
9554
4009
8786
4930
360
6717
4062
7477
663
4177
2615
731
2713
5671
5381
4891
3263
8461
7764
8362
6363
2908
1653
3693
4125
8039
3893
2819
7671
6290
4766
978
6540
9301
9320
3611
9087
5812
7419
8005
2396
7080
5541
7946
438
237
1487
8198
624
9686
3068
9379
6170
4744
3924
4345
7469
2061
2127
8050
4459
9993
1969
3844
7095
4960
7272
689
6031
1456
1138
9248
3428
6508
5983
8248
3717
2313
3875
4541
5972
1131
2721
96
4025
3702
9669
2628
276
4358
425
8460
1423
4332
9964
4389
3240
9359
5220
7467
7240
8138
1316
5288
7850
560
2482
2686
7263
7672
9634
9864
2033
7845
8987
1440
1605
4137
9541
4860
6908
1146
9636
5583
1934
4374
7470
498
4369
9892
6675
7334
2847
7810
5380
7388
9062
8509
4544
4698
4224
3505
8104
8963
8983
4618
984
6558
920
8611
4691
4503
4722
7246
1208
2040
1005
1752
6934
3684
513
4887
9602
76
9499
1728
5660
9016
2816
815
1843
5586
1266
1904
756
4976
7100
4463
1018
1608
7239
7311
2155
5177
8700
3613
6351
7350
5465
2450
816
3784
2194
2386
3865
88
9974
967
7951
921
4228
7255
7513
5597
1767
6440
8029
7402
6967
3522
9998
2161
8717
3023
2100
4045
7243
4113
7841
922
8297
128
6201
6813
7814
5780
5589
2930
4316
3298
7067
2768
6970
4429
1121
2589
3729
2150
6453
4554
814
6404
2486
2820
5167
8872
296
1807
2021
9722
7322
2608
5849
8134
3075
9272
3025
7530
8088
8792
9383
2610
4888
136
877
5333
5245
4036
1356
8408
5351
4630
7493
2558
9783
2669
6076
5318
2961
1044
5512
9625
371
1175
6014
2497
4853
574
6403
3477
3749
1901
2012
6853
8052
8078
4880
6861
5835
5591
6117
7593
7772
7900
5129
8541
9086
1898
6237
7483
3407
3143
2350
7136
1584
9033
6133
9322
3964
2649
7307
4597
3750
5833
1143
1304
6248
1172
7267
9777
1562
1557
2019
4247
8396
511
5423
1185
7860
9867
7160
7102
6306
1463
6729
4931
1637
9934
1152
7088
622
1045
5925
127
332
5411
8557
8279
9738
8551
1072
9333
8806
7519
7269
5741
4443
2663
9147
32
4920
9375
8237
702
5545
3744
9005
720
6783
7339
4829
215
1769
9647
6821
9583
5681
8123
8685
2316
1404
9872
587
1708
4099
8060
4791
1888
4202
662
716
2962
529
5161
9238
8740
5515
6412
6900
482
8892
4353
7737
2862
7342
2372
1220
3928
2101
6049
5079
9164
450
1522
7366
6267
3204
6646
4110
1508
698
6665
420
9072
5212
5231
3156
6174
5816
3004
7832
1683
8679
419
2783
4331
2099
4493
7361
5900
2418
1582
1353
6731
5575
8831
2300
2083
9530
4723
7025
4267
7024
1977
8
848
2478
4940
5078
2088
370
389
1524
6231
2307
5687
6454
9022
633
3673
2086
6022
9898
1227
2469
1814
6976
6812
3643
4671
2660
2523
9709
657
6975
2860
1124
9037
7521
1422
6670
1210
6123
847
9891
3577
9108
906
5342
9096
490
4640
7078
7690
8968
3892
5188
3438
4071
5482
7196
8340
987
7433
7865
245
9328
3141
3174
3333
1732
5694
1545
1343
2043
3829
1952
166
1704
8577
6358
3449
9319
6172
1420
57
4827
5836
4993
8033
6575
2598
1574
975
5232
7117
1947
5644
3908
4340
9230
7624
5382
1985
8813
9121
6222
5051
4092
6157
7151
2304
7256
7090
5834
4550
7557
6340
874
6943
6096
4108
4081
8014
275
4268
1025
3045
8446
2588
4732
6570
7707
6564
2265
7694
8887
9588
3017
745
6020
4923
1094
7796
2740
1795
2435
7578
838
8139
4936
4800
5673
2605
4306
2193
6733
4437
2921
9841
4485
1798
3073
1613
8085
1004
1867
8312
1168
1174
318
9537
4218
6218
417
707
7429
3062
4496
3811
2016
5321
6755
5513
7668
8844
8919
9249
6606
9876
4397
7326
8635
2235
6743
1559
3261
4077
458
9399
1971
5551
49
4089
6661
1638
3846
5197
2355
9760
231
4539
5557
3977
5124
292
6557
2759
6042
7561
8084
2570
1959
1923
9310
4598
3775
6016
1321
5104
350
4381
9643
2007
6092
4270
3060
5456
3858
8478
7779
8179
7575
1729
3653
3482
2548
7685
7549
3597
4116
7589
6205
844
8548
7084
5269
3819
4828
7293
1011
980
1116
1603
5304
4676
5517
4825
7355
753
1918
9425
1534
5734
6691
9394
9769
2821
6718
3576
4174
8232
2174
7890
5127
3480
112
3937
340
6632
7224
9267
8568
7476
8725
9153
9324
870
4851
8381
2283
5113
992
5196
879
860
6859
9691
1257
4666
8550
8401
2401
9577
8708
298
1832
8521
5461
7566
5170
7608
168
8142
9162
1338
4871
630
1453
5565
6318
8428
2437
711
5631
5980
9353
4686
5962
1430
1062
3627
9116
5672
3260
7198
6705
5020
5938
8921
536
7874
3481
867
7265
3129
5898
2931
223
6194
6669
8210
2524
1191
6428
8899
1650
1639
6229
9048
4390
8047
3737
3210
2854
5627
5201
6965
2188
4423
6253
2798
5310
2208
4885
3470
949
9240
6621
9560
1373
2490
7611
7664
4614
1778
4495
3304
3639
5316
5934
8445
3274
5534
6355
8448
3327
4235
8120
6232
1871
872
6393
1935
3712
5357
8147
2729
2078
8658
8214
8261
2135
3011
6668
2824
5467
6469
1771
203
6869
686
9313
5875
6154
2878
1469
8293
7259
8841
6394
8796
6048
9850
2166
588
8032
4043
1215
3153
5622
5228
7903
7278
3740
3718
5737
4943
6383
8246
6840
7935
6450
5350
2157
7372
5466
7617
826
1930
9263
137
3808
9980
2180
1162
9905
2279
5605
8869
3307
1219
2334
9260
8255
3514
5703
3590
9307
2512
7638
2954
2515
1446
428
7692
2421
4662
8891
4050
3848
3615
2826
2672
2204
1531
884
8127
912
8909
1856
2185
7633
4220
2381
8544
857
9211
1956
5142
8233
1710
4048
1383
2698
9789
1068
1077
3670
3621
4303
1448
1432
5044
6379
946
4526
9617
9834
4019
3618
8901
6815
2534
311
7983
8814
8334
442
7036
7869
9716
1061
2508
501
2520
7518
8206
5773
9430
85
3918
7822
8296
1330
3196
4764
5584
5877
672
4238
7628
4571
3641
9004
3046
9144
8566
3874
9455
9704
4795
6240
8182
6723
6895
3901
2676
8271
7962
2121
7691
1895
502
9374
886
8146
5244
2694
555
6825
516
4414
9641
8415
8493
8126
8765
375
6596
1472
1774
3966
1014
4333
468
7223
777
6273
412
1723
4748
6114
6175
7581
7194
6359
4658
2333
2848
4102
1499
2756
5452
1008
5094
2923
8976
8083
5409
5652
2533
1125
5403
478
7284
9308
1337
1678
6794
7880
2098
2539
5330
1840
2706
153
5629
123
3242
7998
725
806
7175
4223
7291
3380
3584
1569
900
8756
8984
3246
7980
4749
6882
2467
9799
4805
1541
93
3335
9527
3497
2976
6346
2807
9860
8724
3774
8967
6284
7376
9878
2397
2028
3991
3410
6707
5008
2455
1416
9485
4856
1564
3368
3531
4972
1828
8316
2734
9369
9442
5552
2766
1379
1755
7654
2018
9809
1320
7345
3170
8965
6125
5920
6156
6936
5278
3259
8848
2618
757
526
4934
1459
1696
1141
410
4073
5147
3318
3879
8440
453
6555
3092
4023
1246
3306
6072
8914
8882
6725
6103
7149
1457
4663
6581
2142
5521
9778
9606
1015
4344
487
7724
7303
4464
4408
5048
9923
219
8058
8477
6124
4844
2465
6847
2480
9362
8310
9953
9688
8556
6808
6884
5209
5353
2276
9388
6915
9134
1027
8012
6206
5398
2103
1763
5101
5853
7250
5535
2384
6894
8774
7338
923
9599
4818
9965
6496
9990
1624
8733
5146
8399
9492
7401
9748
50
5392
6776
8245
5030
3665
3191
5297
3102
8793
9103
1833
6737
4418
654
2104
9507
5343
5804
2272
3715
2144
3467
2461
1922
7711
5156
5054
6986
7770
2353
2487
2160
5093
3834
5037
1293
3483
5250
8315
5585
928
9489
6849
5458
7788
9870
2058
1741
4189
7496
4351
6738
4469
8807
8091
3293
4153
5447
5791
3881
5195
2541
3982
1450
9102
74
6073
2206
2093
2229
6641
2709
5493
7547
3262
9478
4181
6937
7540
8350
8726
8682
7138
2912
3515
6313
7495
6080
8809
446
9084
5189
1864
4562
430
5242
268
8158
7790
4742
7323
9125
2566
31
3965
7161
3180
7993
8750
7167
2224
2138
6416
4380
1226
3356
3658
9681
6713
6529
6378
3998
3090
9557
8079
4583
2535
19
4750
8204
379
4117
2036
8490
2281
3568
4396
1940
1961
433
2970
3747
346
3704
4051
3913
4419
9815
7106
9458
5963
9042
7606
8864
3295
9749
1285
429
1889
2388
6830
9165
2250
523
5621
5863
8429
918
4362
163
570
1322
8591
8125
5753
2973
2955
2843
9052
3572
3284
8670
875
9987
3533
6338
2382
8361
5612
4519
7062
2696
9195
9178
1408
655
4222
7451
735
3730
9406
799
2297
3967
4225
6571
4041
2358
7400
3329
288
1488
2582
7152
2003
8962
1926
2488
9049
3472
3952
3205
1776
7058
2937
670
1058
5935
4474
7125
1572
4547
5479
7229
3594
3891
8876
9139
4789
1946
9416
9142
6320
2347
885
7270
3898
616
1514
8191
5486
747
2733
561
266
3176
4259
518
5401
4085
9685
7228
2443
2119
1632
7333
5745
9752
2903
6602
5388
1667
6137
5190
5873
6274
5055
86
3232
3124
2131
7596
3419
4661
343
8843
4241
7238
5033
1211
597
9174
9794
8184
4595
5186
3532
7241
9076
1419
7976
535
8927
5774
5332
2446
7203
3029
2792
2858
6708
355
3270
5387
932
9741
4864
1665
6041
4832
6292
1503
3761
9003
8875
2602
3974
7870
4056
8054
1315
8161
6430
4814
605
5402
1104
8741
2755
2059
3049
8380
7560
5842
1064
1777
7787
2738
2242
289
5712
3149
6202
1218
9020
6935
7990
6339
8815
5862
2704
7105
3889
8000
1410
5635
4917
142
3651
3743
8819
6746
2134
6978
2924
2918
4645
3897
9284
6332
326
2748
2633
1234
4305
3814
4115
623
5946
120
7905
2190
2538
3970
1821
6195
3544
9908
9565
970
316
4874
5300
6590
9192
6994
2683
3912
8314
3054
1780
6873
3647
1555
926
6415
4904
8517
5253
2758
7735
4087
5258
6740
4376
6974
1757
5211
1279
1112
4820
2942
7404
7046
1924
3925
4121
7183
5081
1817
7210
520
6711
125
2817
3492
3871
3550
5908
7349
544
999
3827
1214
9745
7163
2096
5133
1347
4212
7564
4815
9269
9242
2662
5108
962
2799
9984
3178
8384
8438
5390
5979
5781
9865
9010
7187
540
4558
6490
7070
6568
6770
2551
3493
5099
455
5699
2169
3699
680
1158
9773
9214
352
1297
9785
5375
2613
1497
4729
1498
1601
3679
2375
9562
5806
4985
2891
1998
6942
7809
666
9707
678
2913
4033
846
7341
8352
6136
8093
4717
6624
647
7405
4491
3600
5349
8782
775
671
8121
2029
2861
8680
2629
5068
8339
2800
700
5714
6448
6532
2186
6257
1109
6342
336
7174
6064
157
8990
317
4531
3203
9500
9757
5683
2809
3995
9157
804
1294
3490
1544
4899
9628
941
3485
8298
8994
4106
5183
6486
5921
8855
158
3556
39
4518
1586
2886
4591
3000
1540
3601
6431
9373
6249
3361
2856
155
1303
5768
6159
5239
9519
6483
618
256
4060
5257
519
4044
8746
6075
6035
8859
6747
9462
6478
6436
4959
9487
59
6395
9434
7991
2227
5254
2002
2426
1500
2946
4114
8006
9002
2013
5396
9130
1716
4664
205
8002
5926
2772
5163
2024
3207
7142
4021
7488
1737
1142
4935
369
856
6118
2958
7234
8122
599
5606
8905
7743
2177
7087
2419
8754
8542
2885
3476
82
2840
6623
3838
5711
9326
4180
8632
9546
5067
9292
9523
6687
1197
4714
4124
7359
8363
8106
4756
146
5888
7166
5697
791
7016
7644
3910
9210
1539
3201
4210
7438
9790
3849
2670
3721
9001
7823
4219
6456
8664
8651
7173
9100
8413
1029
3999
7233
9520
2872
4620
2182
2219
9188
190
2596
7768
1641
3635
6375
8387
9655
2472
8663
1481
7131
7763
8513
1988
5931
728
5865
6447
7898
7374
2898
3705
4967
8066
4427
601
9780
6531
72
3571
6434
5610
5238
6666
5682
138
1963
7068
579
9522
345
9828
609
2226
2341
7266
9382
9114
5891
2407
7573
1082
8974
6163
944
8412
8287
9311
5277
1848
5230
9461
4754
7954
5686
7592
9731
7186
4183
1722
7051
8254
4651
2902
3064
8326
7753
1714
7805
67
7570
9573
4603
2216
4027
9447
1334
5646
4410
4159
6777
94
9825
9019
6877
1672
7745
2309
8646
9975
2995
5137
898
1808
8952
160
7184
4523
4915
3772
4743
2485
6784
7208
2612
9919
5184
1435
855
2910
1517
9618
7297
6081
3565
8817
9651
1312
8437
6775
9844
7348
5443
8164
6482
5790
8336
1148
3546
4371
7925
4896
4130
7652
7482
9875
4481
9568
3890
8861
6544
216
3212
3120
988
3888
2972
4070
8654
4455
9787
5003
6527
2128
3121
904
6956
8291
7960
6382
1740
4179
4302
5634
8473
8278
3548
9966
4961
6489
7844
7773
9126
9766
6045
467
7145
5155
3807
2671
6735
5294
5204
6503
4028
2728
9536
4012
4409
586
1047
9309
1877
2743
4328
489
6319
151
3488
9252
634
9127
206
5973
2476
8036
6752
372
5765
3763
9594
5210
6779
1945
9942
7955
7294
368
2154
4952
6881
4536
9344
3391
399
7600
651
8595
5815
6536
8116
7091
1580
5264
7329
7347
805
3526
8516
5839
7619
5194
7565
1150
1800
9465
1326
842
6992
1202
7695
9590
2771
7033
3869
4719
3052
9196
184
1686
3499
4260
9186
8570
3341
6439
5259
7164
5554
3267
4301
8645
8338
2835
1092
4933
7622
2680
2802
810
7997
9401
1673
2152
1556
6946
4360
7643
118
448
5695
8154
4078
1751
9501
8346
2471
8838
726
3354
2411
5090
3186
9051
8492
5943
2990
1674
2179
1648
7924
2767
4436
6613
3555
5460
69
2884
457
9029
2067
537
8581
1546
6656
2845
3197
7853
8512
5107
8464
4170
8940
1144
4079
8538
9910
6507
9946
3342
4157
3640
7182
6468
1267
7474
3873
2022
6898
7011
191
6408
7274
4334
7351
4000
79
4168
515
8586
8837
5795
4090
2572
6519
4911
7765
9122
6310
7127
7873
1730
5283
3832
2282
3778
7613
4883
6335
1188
7838
5438
9544
1764
2417
5240
2338
3165
7363
3904
542
4926
8284
5698
9206
5688
930
8941
95
8080
5949
2049
3348
226
3987
4484
5670
9732
7453
2776
8368
3563
715
6312
1199
9483
3420
4006
6701
8018
6749
2433
7072
653
8070
98
4695
4672
407
3431
8847
9915
9880
6317
871
4542
1616
8618
8064
9814
5915
2373
6169
4816
8852
9407
7915
9341
972
4205
9614
1558
1216
8199
9792
7155
6422
3697
9286
1644
5883
1921
2173
5525
9774
415
2302
1089
4281
6168
765
7686
5119
2202
7775
5439
8220
5442
8335
1305
9236
3123
3385
3265
6146
4775
7475
7861
9623
5145
4945
9143
366
4951
3598
2210
4467
701
6233
8186
8989
7319
989
3173
9608
925
443
6839
7730
4296
7586
5225
6387
868
9543
7943
9761
4276
8631
1983
7713
2230
3036
5413
3786
4556
5738
699
4263
5260
87
738
7315
6429
4357
5739
1458
1397
5074
596
3935
6799
9397
4939
2366
1486
4739
8160
8442
4248
3503
6822
1048
4003
6297
7857
5985
390
1110
958
6864
9743
4245
5560
9282
1155
6452
7901
6000
5903
4902
3076
6215
7449
1376
1906
1176
4616
6426
354
3462
7648
8938
8789
6411
9107
4680
758
7462
8124
6608
7912
2263
5779
2993
5827
7793
6066
3213
4046
6584
8907
8845
238
9822
7784
2889
8111
1943
1352
64
2700
4112
2494
2148
8281
2980
9265
7103
4291
8723
8660
3290
9821
1793
4909
5752
8862
4712
7113
8213
6625
3199
8928
562
7766
173
1609
6495
9321
9299
7973
3194
4586
7337
6995
4908
8223
7963
9831
6748
550
5772
5086
4635
763
8673
4991
770
7876
7921
1878
2205
572
2851
1565
5158
7583
8519
3291
4096
5520
2906
3109
1136
5005
8015
1107
8458
9115
6077
5284
508
8895
7655
9137
9737
7837
5399
4214
1925
1013
1075
1855
2689
2156
252
9132
5152
7599
4606
8527
1975
8666
1182
4490
8389
7922
5923
5222
16
6275
4948
6697
7952
1394
6891
6928
5713
2591
5793
7895
7959
3739
4916
2723
5360
8878
4274
4755
3117
2141
1739
4569
3666
3978
3909
2409
5893
2634
4787
2716
1009
5179
1996
1863
6868
6046
4701
4329
43
7552
3902
6262
5276
954
4445
2559
8390
8910
5356
3409
9426
2221
5407
9575
9981
4398
1080
4823
9
742
9288
8221
8956
6330
9377
3732
6347
4667
1367
3926
6161
9555
8917
5071
6315
2405
5451
9903
1919
4801
9245
658
1770
282
8103
9411
397
6278
5476
1677
2911
1065
9082
9928
3359
3735
7137
4657
5861
8479
1271
3363
5287
7539
8273
6880
5976
3188
3358
2399
994
2280
9886
2905
2599
7906
1484
9331
4636
2684
247
5533
8190
2032
5592
8871
8377
7101
9528
1671
2285
2468
3275
1884
3271
6679
4254
2890
8854
8011
4064
5066
7669
3243
5844
3469
722
7542
325
3034
4847
4488
8388
1813
5905
8828
9393
1342
1890
8739
9381
2825
5887
3350
4528
1951
1829
1128
2617
6537
3340
1700
6038
4213
4098
7786
377
5117
2914
314
5038
2638
3220
5801
382
8425
2165
1805
8173
1248
8419
6526
7640
759
803
8028
7699
7696
1345
1679
7119
8616
5082
6070
4929
5279
9960
9459
5637
5991
9612
3652
580
175
211
1784
2301
8167
4592
9755
4508
4668
5393
373
631
965
8641
3646
7273
5364
6695
9182
7098
3691
3959
1627
1552
3464
8035
1861
5436
931
9419
3241
1070
1685
7448
2639
9958
2361
3237
9109
6907
1815
9887
7121
3797
41
8108
3570
2005
335
9849
531
5539
5800
2574
5743
6144
6576
3612
6504
8961
9955
162
7674
8948
1799
2051
1436
3027
6923
3
5187
5252
6959
7889
9293
1123
2797
1847
8857
4711
4047
5989
6514
5449
5723
5814
8929
3745
1400
6983
3944
8132
9767
4922
499
56
3984
6652
2549
3195
264
6671
712
3769
7722
9770
6721
491
3692
1518
8306
5034
5729
1375
3250
4054
1928
8536
4950
1243
9200
7423
9056
5971
3551
7199
6515
9386
253
8397
6294
7202
8889
861
9241
4466
5434
5285
1333
1451
8751
3308
5824
748
1834
6561
2314
3466
4780
2654
6605
9505
9733
251
2374
4421
8253
2444
9897
3672
75
313
8944
6402
9239
1897
6337
1964
121
9152
9225
6700
5725
5548
7866
4670
851
5626
1464
1766
7720
1675
4882
3373
9989
7992
5879
4866
6762
7708
8748
291
9361
8959
3790
2087
1587
7157
9392
1097
9945
3796
6997
4648
3426
7313
7871
7859
9654
8059
3175
2464
5775
9140
2711
24
2422
5308
7842
9371
5243
9991
6091
4243
5899
6349
2484
4143
5563
1681
73
813
5028
3942
4578
6811
1850
9187
6406
2573
4841
38
197
8393
8706
3020
724
9334
4949
6444
2015
9650
6838
907
1819
6662
1336
7286
8242
5828
4702
9595
5996
7150
47
8992
6921
9730
5040
1783
5132
1193
2009
5726
5138
3016
2855
787
8575
3169
604
393
3362
1876
687
5878
6889
793
3456
4251
9587
5313
6728
4262
9917
3313
5826
4594
5504
8951
2998
7515
9781
8358
3685
1114
569
8802
1512
2427
5719
8617
3489
2095
8712
7275
8780
4619
538
8564
5601
6580
8879
1238
1328
4075
2951
8156
3344
2717
9553
8071
9882
3164
7356
378
6348
2474
3916
9358
4420
4996
452
9402
4893
5731
6113
1250
7456
2692
4953
8459
7414
8936
5157
1189
1811
5916
8304
3805
454
1836
1866
1823
1543
2084
4348
188
5459
5097
3224
3862
401
7806
1944
5927
2981
5874
7944
6224
60
1476
4494
3312
6692
6685
3393
723
9890
3039
7601
4257
2270
2584
2665
4450
1388
5496
1743
3566
7389
6742
2456
396
4232
1949
4425
8174
2915
4193
3015
5569
6588
3564
5404
4974
4500
7742
5576
2317
3867
8145
2682
7872
7571
1265
902
9566
4545
6334
5566
2590
6288
6750
8300
7061
6878
2852
4777
473
8562
1134
9043
8249
1235
9894
551
2933
6904
4430
6793
5937
1970
5614
5872
6622
4387
6343
3429
7211
3917
3907
3206
3539
2901
9659
7360
2097
6381
1323
9273
7994
853
1324
3837
6487
595
2053
4258
2865
9460
3976
2362
1831
4264
1037
3779
4865
8650
6078
8471
1825
3089
5633
3351
7760
7487
9561
91
6492
960
4128
8772
9215
6272
927
8325
8693
2795
5425
3211
8973
2586
480
3619
7863
7242
4489
6925
3798
9672
3042
7154
8688
1712
4700
1702
7749
5100
3733
1086
3321
7988
2378
6603
4373
9939
4457
8505
2027
8150
6311
9012
7110
5988
9631
7716
4779
2286
9038
5311
3364
3655
348
9474
3580
863
1801
6033
6674
9270
6242
4278
9316
8163
7383
6400
5291
5502
9896
5910
5645
8229
963
179
3716
9854
608
1775
7710
5789
8939
2928
7794
5527
8691
9250
1286
3014
8482
3168
5529
3859
4379
9693
3894
6243
1051
5750
5116
8752
5663
5609
5617
503
5777
2752
1023
3776
584
2894
1060
6187
1567
3626
5994
4349
5680
3048
7346
5602
9509
4647
9724
1820
4244
3300
919
8373
7791
2828
104
90
3973
8893
6829
7902
8081
4318
4593
1039
7985
3877
4188
2320
8745
7942
9159
4160
3251
1067
3334
1066
7231
4826
9883
6001
2195
2838
7040
739
9861
164
3172
8481
6704
4152
7008
939
5368
9817
9924
3336
6876
3676
8721
4634
4724
3553
9798
7362
3453
9548
2561
111
1460
2880
5015
6464
1759
9123
821
8037
4458
5384
1081
2868
8269
1479
7300
294
5659
7168
8727
9184
7789
6559
2090
2211
8993
7432
2742
2909
3434
9259
8571
1727
7391
6341
615
3882
7625
594
3111
1173
2459
3226
7705
5912
4932
8313
8797
7702
5715
481
2971
3669
7191
6028
1231
8681
4615
2187
3103
3285
2661
8922
5233
139
1987
5604
7494
6130
2310
9728
6356
6909
2234
1958
8026
7864
4233
8267
5408
4602
7748
1527
3868
8068
4161
2531
2986
9000
9429
2412
7729
8089
7227
6790
8097
2519
5901
5021
1360
6427
8240
2057
7410
4307
5217
4684
6981
4325
2410
9796
4947
617
3955
695
3540
10
2162
1633
2387
8046
5296
5263
2983
5433
9468
784
4581
2833
7029
5852
6996
8932
7170
2737
4678
2506
1592
9171
1288
5483
8452
7004
9807
1384
2514
189
8307
198
6702
7411
9740
9450
7807
5894
2553
8547
3432
1701
2441
461
5871
1719
4878
432
6911
4402
2294
9668
3885
5322
9329
3370
3534
8155
3471
6639
9480
8710
543
3100
7064
8041
7670
5825
8777
7677
3108
9463
3810
3330
9968
6644
7867
8472
5144
2823
6611
7192
7634
6709
344
6295
8157
8414
8341
6551
9717
5620
2841
7132
4499
6377
9845
8597
935
3614
9155
2055
6397
6990
4525
1883
8367
4475
4809
3041
4196
8317
5522
3022
8096
2360
2473
5120
9824
7034
7971
4498
9105
592
3495
7380
3896
7718
5168
5499
8665
582
3688
5813
3264
882
3825
8515
8152
3303
4505
9280
4395
995
7614
8453
5581
2025
2722
6905
4830
331
9146
9823
6344
4689
6501
4857
2643
9161
1391
5860
6321
3160
1260
6465
7306
6212
2438
1474
2603
2445
8692
4039
1195
788
8955
8402
2796
6246
4142
7217
6933
1733
4014
4765
3623
5369
3134
9649
1207
5851
6562
4462
643
5822
3148
5655
3345
8424
7382
9874
4165
3140
3696
8234
347
4172
8799
7218
5234
7230
2284
5143
3010
2331
9782
4817
7736
436
4682
8215
8449
3458
7937
1006
3876
4314
4644
2895
3680
5495
9063
9574
277
4417
1915
6108
1669
83
4683
5365
8423
2505
1537
4342
6106
7441
2950
3454
4806
3706
1595
9074
4111
7591
6037
4083
4983
9448
2125
9085
6591
36
4255
1359
7836
5856
8289
8860
8604
1606
5437
5518
395
1076
4072
6712
3343
5966
9317
451
2500
6734
5293
1490
2568
8430
2197
8136
3272
3452
416
2232
7403
1762
8282
7054
9156
8193
1237
6797
2400
7021
3954
977
4034
8842
4740
6293
2974
6470
5974
4850
9772
3198
8915
6871
7144
4290
3549
2666
6888
3695
6944
2069
3630
7220
4596
3436
1509
1482
1981
8491
6802
2006
1636
3887
8686
479
9922
7792
4324
3421
7580
7548
8958
3633
9471
8450
7385
1953
3536
7756
9630
9497
5016
5049
5469
4924
9827
6365
659
2217
5091
4134
8622
386
1108
849
459
8441
9318
3648
9289
7381
7675
3040
7703
5031
8228
2315
8742
2289
2060
8128
4728
7881
4400
2416
8073
896
866
9303
7007
9948
8695
4561
312
5904
7931
2124
2122
3624
1340
6739
4439
9793
8207
2293
8410
5092
5063
1205
209
8351
3455
6126
9994
2143
7484
6425
4304
5720
8627
7604
4347
8826
6899
1651
107
4796
6867
4315
1731
8850
7364
9978
8565
8697
439
6543
5042
6525
3158
8311
9336
8299
7603
280
5268
744
6599
9664
7508
29
1031
9064
6301
53
3783
9015
825
628
645
1389
7153
6371
9600
462
859
4336
3058
4468
9243
9511
2140
4532
9941
5805
5416
9482
6138
4625
4094
3139
387
2200
2371
6619
955
4465
5202
9370
3400
781
2044
6471
1099
8252
4745
6354
6684
3764
8010
3504
5025
2398
2777
4323
5273
2004
991
5577
5432
2031
9006
9445
3352
5658
7987
9345
9539
5508
7641
1344
2249
241
2690
6968
1264
3586
1530
4557
1948
6630
9223
5969
6918
9061
2183
6390
6287
1454
6566
1747
8218
1157
9926
6385
9441
3941
7030
8749
5588
9963
9364
2133
4127
9776
5200
4486
4577
8514
5327
7074
9842
8422
7254
1560
6528
6088
5372
9421
2342
6835
9836
3957
7650
1212
2625
9066
334
4552
7761
8031
2237
6824
6505
9439
3390
6455
5845
8619
4119
2454
3725
5507
2887
4768
27
4629
8196
7059
2288
3122
5303
6185
2199
1960
8583
7047
6795
718
3824
6682
7081
2106
4298
9936
3994
9297
673
3573
4819
2424
8771
6914
6032
6281
2736
9744
45
8610
441
81
6681
5542
6957
9058
6828
3936
7629
2957
7739
4605
9851
2048
5111
9708
5951
7261
1292
380
3923
7063
6620
1145
1122
3728
8062
5944
795
217
8094
5761
7526
5426
5060
3063
6036
9879
7632
3574
3332
328
4679
677
4195
9124
7310
5139
8343
2120
5077
165
2389
5275
2248
2251
9028
9705
8276
8024
341
2959
3227
2685
6270
5339
4884
8904
1570
460
9167
7140
483
878
4835
9454
6903
8457
3708
3006
4058
7393
4501
5281
593
7914
3914
8630
1386
7635
1341
1126
4824
195
577
8874
409
6645
9812
5674
7684
5007
3314
3415
4584
4109
2688
6610
9348
8277
5807
8896
3841
2739
2544
4646
2830
9150
9253
6502
9013
6680
1750
9826
642
2045
4107
7298
9472
3599
1640
5595
2812
2295
4192
2209
2225
6769
4507
3083
9343
5024
1228
6977
796
7094
6213
6109
7143
2370
2181
9642
6807
6107
6683
327
676
2801
607
9396
6102
9278
5817
3386
7180
3279
2274
2212
8830
7290
652
5083
5140
7159
1496
1706
5924
547
4771
102
6322
2522
6260
6160
3755
8705
9853
517
6094
5012
8576
3799
4654
4649
2815
3547
959
8225
2117
6171
145
5509
3622
5046
2147
2346
5544
800
7754
4145
6132
2328
6188
7437
5760
411
7181
4609
9620
6572
5818
5593
140
6578
746
8722
2
5134
4790
4919
3951
5267
8596
8365
8212
8991
1891
3033
506
2264
9858
2108
3812
307
4404
3018
9656
1040
7829
1990
3686
3078
9848
5394
3055
6706
1533
6214
6200
1782
3474
6716
9818
2564
9535
7933
4516
2770
1396
5306
4438
5964
1103
567
3209
2457
1602
6105
2071
445
2919
1744
8192
4641
8578
6265
5470
9678
1634
7732
4403
1022
1272
5759
2969
1699
8383
1515
2966
1837
9204
5721
4122
4088
3785
5235
3323
4008
1749
6938
6183
2949
6875
7104
44
8076
7590
5419
7958
1369
8744
7225
7637
3757
3167
147
5227
4150
1760
2503
968
9714
8633
8195
5181
4895
1329
8747
8760
321
7442
9765
4185
8040
5640
3667
1982
1724
6017
1736
2075
4762
8309
4440
6276
3398
6804
6724
6013
1078
9295
9405
5487
4721
1223
8001
8584
3939
4785
8371
8954
132
4799
5089
9235
6059
5684
6626
1368
7909
3278
5335
35
1703
8785
4784
6149
9113
290
5320
9112
6917
3840
475
5247
2171
5708
9170
9703
6480
2447
6211
7543
8634
1965
950
2967
903
7026
12
6788
7986
5859
3768
2339
2292
3683
3435
5679
9660
4589
5941
9466
9734
8484
381
2705
7961
8946
338
4803
3780
7828
5057
620
5324
6152
6255
5755
1914
9621
6522
449
4690
1908
6771
1332
4288
4446
8194
7835
9680
6271
4279
5783
8731
2034
9663
7130
6754
7833
1927
8203
169
7689
6926
1399
4442
7416
6850
764
1445
9360
8763
8308
9193
5032
8330
8209
3752
9949
3915
5366
4449
9271
8580
780
9030
5956
590
6952
7185
823
3080
8529
308
5406
2343
6772
214
4359
880
2774
52
3949
5027
5011
881
5625
9808
566
9859
6518
113
2746
7463
7232
1186
5756
2834
2732
8274
3417
7133
6481
303
3933
3324
9529
6116
3104
9644
199
6128
6217
769
200
749
6476
7523
1938
4831
8433
9771
1858
2145
272
3448
1899
4158
3530
9111
4038
7253
5832
2429
3459
8087
837
4763
5890
6563
1035
7623
9610
8863
5340
7491
2659
6462
1979
4308
1551
7916
7122
1786
3591
7015
3990
7751
9440
4770
7908
8791
9592
287
5348
374
2604
4377
1053
9410
1466
1348
5325
2562
776
3106
8404
1912
470
8288
9995
9997
1715
4674
2892
5214
5198
7700
6372
4563
8561
8409
6993
1596
9637
1623
1643
820
952
7279
8788
7762
1229
752
2268
9232
9508
5511
5219
1838
5950
269
5473
7930
3412
7045
302
5657
7053
8323
4416
1502
7848
1000
9092
119
9418
1439
9840
9183
9220
365
5337
2439
5885
8357
3447
9791
2712
9921
6592
9231
3770
789
8324
5550
6814
6336
3461
6979
9417
4942
9256
1133
4378
5336
6325
2357
2020
8140
6285
5072
3423
2414
8840
3956
5514
911
5641
553
8773
9203
9601
3759
9877
9268
9275
8244
159
7188
250
4515
5654
2619
5854
6506
888
9306
6127
6308
6947
9097
2703
6631
2470
9315
5977
3632
8022
6858
6234
4053
8176
8933
9547
3397
3163
1698
1203
3299
6040
6008
463
322
6266
6966
2364
8020
7656
8537
3542
9409
533
1955
9889
4509
2708
2542
9952
4287
1377
1151
3379
1785
5786
485
1327
7798
364
8964
1308
7197
7369
4426
8924
4242
5997
7443
4280
4982
1492
893
1649
8202
9323
6534
5559
8137
2864
1402
4580
2785
8982
6012
1351
1717
2337
4171
3919
9053
185
7512
5650
144
5073
2377
68
5763
6940
9298
8374
9940
9427
1140
6247
7687
6023
708
9909
5415
1161
3820
4980
1366
3161
1818
3072
7747
6067
9751
5599
4731
5582
4249
4624
1610
7645
4706
4413
5039
2423
6577
8699
3961
6039
3408
1962
5764
545
2699
1038
3884
5993
4842
850
7966
2757
5580
1591
7964
3381
6388
1773
5474
213
1387
6872
4024
9026
5221
2929
2642
8118
6122
8101
1100
4848
4461
9194
2213
5981
4941
1245
1313
4052
6600
225
7597
497
5959
9689
4200
4504
5199
2354
7630
4282
152
3105
4821
6854
6165
6374
3377
1170
1804
2139
477
8638
1331
9217
4384
3502
1358
8149
8181
2754
741
281
4029
2299
7907
1319
210
7517
4091
310
7821
3806
831
4275
15
5939
3559
9929
4470
9525
305
1787
400
3822
8270
6530
8205
3781
9133
8166
1269
8603
3463
7602
9129
9927
8612
8589
8495
1887
8082
3920
3511
3756
7023
100
9576
5669
6279
7308
6069
3061
3328
8846
916
6636
1382
1657
5292
5299
1470
3249
1465
4718
1406
2693
8185
6615
2791
4522
3789
6245
8372
2308
6353
9885
6676
5341
6173
5122
621
1263
5857
3603
5787
2805
3899
6538
3794
822
891
8112
4981
732
9435
3418
5053
7717
2030
4482
9532
7398
4391
9047
2035
1392
785
7734
4788
2318
3588
9149
6437
9692
9413
5664
4120
2784
2778
3244
362
6199
4773
6061
7099
6612
7769
4234
7343
4131
3183
4868
2726
2587
5955
908
3137
3843
7503
1506
8816
6309
2866
6912
1689
9727
1976
4811
5803
8263
9930
9579
2327
8554
5430
109
5562
21
4808
1529
6541
3726
183
9201
3930
629
6798
704
3112
2567
7248
8836
6392
1865
4100
5475
5678
182
3637
3694
5397
1249
5651
4716
6765
5785
9476
6732
4579
1745
4977
9422
7427
5776
5798
4191
1405
2656
8151
3475
8833
8391
2223
5389
7965
4692
2253
8162
6843
5386
8498
783
8328
4453
9972
7879
890
2667
6134
5748
2118
9758
5256
9586
7005
3035
1612
5855
126
3520
9542
7190
7287
2697
2803
1978
3202
3288
7169
3425
1190
9538
7189
2763
3465
5999
6722
1992
2258
797
8588
819
929
1251
5881
3958
5770
7750
632
8766
675
2126
8526
4734
6056
1593
3561
8804
8661
8934
7480
201
8718
5794
9233
4201
5017
9906
9947
8913
8180
6459
1426
4979
3375
1668
1854
6414
6477
2948
9173
3791
7107
9304
9517
3043
9104
9622
818
990
713
180
3446
7568
2191
1553
1425
7066
9207
8534
3795
6583
3365
3906
892
6460
9254
4964
9711
1598
8868
7887
117
5838
5830
8743
5638
3445
6609
3222
5906
6298
9726
5370
3818
7135
9533
2560
7044
1994
7594
8652
1886
1232
9803
7727
5064
4966
6119
6380
1989
1079
9080
1258
4020
1995
1370
8360
4167
6269
5462
1720
6002
1178
9027
1513
5766
8608
4512
1120
6677
9050
4735
2462
6693
4135
7501
709
8884
9117
6497
398
1550
8935
4229
8918
9008
1180
7037
1115
2368
3870
1835
625
7436
828
9190
6696
5636
766
2644
1893
1525
3552
3484
664
3634
7165
1401
5914
3252
6208
5361
6950
7831
5035
9237
1007
7949
9677
6673
6648
1275
8906
65
3903
1626
5464
8839
6649
1647
504
2888
6254
8067
181
7365
1666
1846
5705
3802
1325
2936
558
7554
3171
9868
9128
4217
7123
7444
8295
5
2260
6302
339
3319
1547
4049
7767
9218
8053
6567
9044
9871
2896
4650
4898
3422
4040
3845
8553
802
384
6650
1845
6499
469
10000
4292
4317
1415
6058
8227
862
8676
636
5180
5692
3711
824
6226
3857
2920
8427
150
7706
2789
4017
6203
2262
8690
2383
5192
3217
8623
3310
3030
4456
1274
4198
4206
6781
7195
4148
3038
2311
7458
228
7421
6595
1707
9338
4720
5098
2730
9032
7682
1449
4643
522
5846
6945
320
2760
679
4560
5556
3276
7733
2483
3921
3450
108
4343
7116
7755
2167
2997
3720
6845
18
9747
6689
6177
6432
5424
1403
114
9432
1413
7975
1277
9937
97
7649
2775
3154
9342
3451
9456
7627
1372
1905
3854
4256
598
9976
7883
6071
9795
7288
5302
1806
4383
812
5087
3441
611
3255
3507
6510
9545
3980
8966
7610
240
3855
3399
1885
2982
5707
7820
5471
5174
3751
9699
3179
2189
6121
2123
9514
9925
6834
8364
3406
4367
7052
6324
2645
7172
5932
8999
8653
1900
2247
3962
7855
3317
116
6024
9653
5274
1589
279
3128
1620
6604
7834
4527
5014
684
6182
8820
7877
174
3266
2278
4406
2554
233
9290
9168
2623
1936
3132
7525
7060
5570
6141
9335
7802
4925
1149
9788
6512
2944
9387
3216
9093
8444
1299
3950
2762
7452
1561
40
6143
6906
2606
4660
357
8144
2017
3283
4970
7332
2626
1690
3479
4622
3097
4623
8476
4479
9368
917
9262
4889
358
9089
2673
5205
3895
4553
2092
3748
9967
3521
1118
2780
7478
4011
9895
6982
9661
717
7340
2431
3223
4487
9078
1966
3157
3698
7550
2849
4798
6714
6688
9810
6744
6467
8109
7352
5643
351
5326
9552
7397
6139
4203
3989
1042
8506
4852
1295
2428
3254
143
1471
9833
8702
1812
8337
3383
4211
6511
9816
33
2403
5172
6660
6026
9385
9312
5788
7555
9700
8642
9596
1365
2492
3596
4356
9446
4822
5758
1192
3513
6065
8439
8159
6759
8675
1357
5282
2052
6147
1261
4746
8386
5185
2056
7073
1521
4870
9352
5998
7039
9830
9464
5919
5590
6148
5696
4313
6730
208
7500
8178
2627
4987
315
4190
1635
9718
6057
3009
6866
9690
456
5648
6457
2425
8822
3253
8821
1433
3247
5317
4687
4289
7367
3339
6438
5820
1822
2668
4447
5352
7553
2290
1198
309
8582
5677
5733
3606
6651
8275
4907
2402
6786
8827
9420
8768
5154
6698
5329
8044
9400
4155
8143
6333
8543
792
8165
7109
3543
8489
1441
9498
1852
5700
5867
3305
1726
7719
6667
7114
323
4869
8978
2305
613
3322
740
3118
293
5744
2827
496
3883
7534
3349
193
2111
5809
4435
5564
4761
3675
9597
9847
1296
1310
7799
1597
1910
889
3059
6112
4433
2392
9495
7205
4337
1697
2352
2869
6446
7134
2336
6314
3541
3230
4451
1493
1002
7701
9567
9516
7215
7120
7336
5940
7774
1571
8398
6710
9696
4861
5837
6052
2275
668
4937
2953
3162
9648
3582
7782
6574
5345
6579
6932
682
2646
3077
3558
6086
7353
3416
4156
7818
9475
8055
564
3788
6778
8539
3125
6009
8657
9515
4261
9384
5895
1083
7535
4632
585
404
8734
6627
8189
5519
9261
6418
9805
4176
6902
2376
4335
3057
4867
693
4810
3289
8902
2580
7268
6407
8420
265
8728
3070
6191
3395
6498
8100
817
9662
7390
1247
4163
3067
2546
4082
5440
6485
3091
635
7262
212
9857
7758
827
7028
8805
7666
6326
915
4549
6316
8117
3151
5742
4382
5907
5050
7038
2597
5902
6657
2153
2543
6216
7938
809
7235
2576
1713
1816
2440
7528
3813
9675
2938
2038
696
3389
7875
4568
3221
8711
714
1187
7204
176
2107
2379
1967
2345
8523
46
6635
3277
9264
5607
7846
5528
1694
2939
9512
691
1495
8045
7819
1880
7886
5428
8528
7377
9255
7257
774
6120
2233
7418
70
5869
833
8443
1259
2837
4989
1242
1781
9999
2916
3066
3581
2583
8923
9604
9467
3911
7840
8369
1088
2526
7216
3130
6549
7558
6874
9869
8496
4705
8392
9657
2303
236
3402
7379
4733
1830
8319
3229
3815
7280
6367
9589
3135
7312
1378
5689
7396
7331
8637
8715
474
493
6189
3355
1754
6860
6897
8644
4294
8485
7289
4599
92
1957
2922
4978
9346
9145
7509
2085
3660
8172
8640
4886
6760
6286
3433
729
2814
3804
1630
8858
8930
5573
2050
3742
9695
6479
4030
9572
7936
134
6369
9337
6391
4849
6832
8366
3372
3687
5952
7440
2917
2001
3185
6554
8023
9077
9759
3545
8767
4297
5135
7357
9715
5193
207
286
2176
3835
8171
571
6930
2601
6929
948
8027
6204
1119
8129
2184
767
5328
5076
9198
3258
9181
9081
1289
6111
3404
8794
5058
3723
4524
6178
3401
4207
466
4833
8835
5052
9349
798
6634
1758
5450
8624
7394
3979
1001
3371
951
2813
2790
6424
8004
8266
4585
6820
5965
4685
8916
2236
2781
2306
4659
581
154
63
7785
3387
1427
2136
956
3831
7918
2632
2105
7368
5691
7582
2731
5455
2394
7201
835
9666
9526
4227
4797
9904
2241
2406
1916
3963
6585
484
8735
8825
9674
408
9550
5829
7344
2695
8283
971
6050
492
7126
2769
3518
4992
7651
1809
4350
5501
9775
5498
8370
2287
4713
4095
7420
6582
6883
6955
7089
637
7146
42
7085
6533
7612
1302
28
2870
3487
665
141
8468
3231
6082
9224
2326
6110
7492
3575
9228
4319
6129
6442
1026
7245
2563
8558
4123
1270
6552
6463
8524
9494
5922
5323
61
5359
2989
7455
9075
2228
271
1105
3823
8262
1163
6062
2507
2881
1869
2940
2620
6027
7660
9804
2965
3617
6198
4872
1663
2556
9330
7295
7563
4321
3934
6328
7595
3722
2836
6817
4132
3538
8434
9457
2391
5600
5747
4415
8719
3193
8669
4452
3325
4067
7055
1021
5649
8141
5065
1244
4881
5840
3900
1298
230
5468
8019
5075
3537
1594
8648
9756
9713
7894
1742
5808
9605
1284
84
9094
6638
1166
2298
2616
8436
8400
9088
9378
115
5936
3437
8285
7715
7626
1599
297
1882
1273
3378
9914
8467
4894
9258
8593
936
9996
3668
2987
2528
7465
8356
7327
2530
5771
6922
246
6628
2850
3184
5540
6517
4209
6727
2935
2081
4393
7825
2351
1607
981
7579
1171
2498
89
8620
5524
5206
9863
2571
3098
9735
8086
6672
4136
5004
2037
9212
2046
4055
9404
8451
9616
5246
1262
9169
5251
8662
909
8888
5767
2039
9391
2074
3678
7897
1278
1505
8753
4300
6803
7658
7824
6500
5796
2269
4807
5164
6223
5841
6166
9101
2968
263
2493
4543
2453
6238
2624
8898
3605
222
830
7009
6972
7587
9739
8639
2170
6851
4312
8320
7615
9962
6044
403
5918
229
7843
1827
1071
3609
681
6289
7292
421
1395
8525
3326
5236
4567
6726
2068
7302
9202
2875
9806
9069
3012
4709
9888
7738
9746
5173
1611
6225
3986
1937
5454
2725
2255
2691
3850
1194
8241
8348
3444
914
6043
2715
8456
2481
7406
6095
7665
9843
9801
3628
4065
4226
7741
3491
4752
3760
7425
7304
2082
8643
3028
6607
7247
1255
7607
5868
4002
887
3119
4126
1548
5706
5363
5453
9246
685
5954
1791
4840
1241
5709
9365
4914
7551
6461
58
9484
8975
7264
7485
9367
674
5603
6573
7392
8069
5896
6352
5314
7378
8829
4621
2112
2941
7816
1055
4346
3296
5488
9279
4103
2207
8683
2254
3948
4140
3360
1803
8609
9957
4204
2718
5047
464
2655
4792
6852
7893
1535
509
1929
7538
8540
9676
1578
8950
556
9607
6546
8810
2636
9172
5043
9977
2430
221
7813
9762
8256
6264
9973
9443
4412
3138
6553
2550
4673
832
5933
9679
3610
5371
1860
3396
1664
7010
4570
9627
5975
9287
7434
9920
2214
3311
7927
5362
8290
8559
3146
5547
840
7520
5730
4473
4022
9180
2621
2622
8945
3656
2808
2897
8912
1434
6011
4999
5909
6870
1968
6451
5611
9829
4802
3235
8972
4633
6637
248
8998
3133
4855
6954
8671
4652
7536
2102
9325
8626
8501
4253
9862
9624
8716
8480
9837
3985
3847
8474
5166
3983
2873
7466
6980
6150
563
6006
2701
4208
7647
1417
7505
755
413
8883
8135
8466
9036
4892
3498
3746
9372
5280
3947
7752
3629
858
7301
7489
727
557
6307
5953
8286
9673
1676
1941
5338
7324
573
4697
7728
3008
1872
8530
3931
4564
2460
2977
1153
4954
8201
8667
7783
694
8114
4149
9433
4879
945
9071
6601
2555
8170
1658
4715
4747
8235
2925
4876
4944
7858
9469
1794
1617
512
6362
6401
7950
3754
9633
8394
2356
510
4986
7407
7050
3860
2664
3765
4363
9916
2395
4005
2220
6472
8761
9177
6364
5319
4897
8811
9943
234
2844
982
8175
4031
6896
9314
751
2735
8925
9931
2702
6051
5354
7316
9585
278
5010
5821
983
3731
4154
3114
7426
6420
8359
5379
7435
426
8980
329
4969
3604
3830
9390
7017
9913
5847
8418
7780
8013
6719
6703
852
8130
6491
3975
4272
2062
5510
5229
2434
3932
5653
2569
171
5446
4900
4975
8569
7559
7537
1059
3707
638
9366
3032
5128
6991
2011
7461
1411
5309
5561
3086
2222
8713
7527
62
2899
7982
9479
3087
1931
9719
3972
9819
1130
7335
1621
5594
3886
2466
5118
8217
7006
1549
3677
4068
304
3809
7920
285
1824
7811
1043
1046
1307
9950
9415
5191
3473
4965
9276
232
1661
7018
1407
6792
349
1652
5490
4330
6135
8574
11
3208
5960
4906
2985
1909
5103
1504
3523
1656
6756
2648
9645
8382
4230
6862
3992
9234
8508
7
4144
2952
8881
7260
4513
8219
5262
8260
5444
8897
2203
9039
2246
2340
259
3026
8378
2047
5019
2475
1585
2999
6220
2964
4753
4533
1761
7171
4741
1073
873
9213
7447
5298
2267
1452
9611
1660
8659
4555
3147
9025
762
2517
2132
2585
3767
5182
7804
8034
6025
5131
9160
9034
2687
7940
5213
1102
8463
9136
8911
5928
9684
3047
6757
8790
2707
9163
9852
641
5358
301
3152
4018
9131
7252
4656
5799
6063
5290
7251
7673
9884
1160
2744
1335
2525
2172
3155
3636
8251
324
3142
3218
3703
3997
1705
3587
6764
811
9189
8354
4736
1424
6421
1725
2516
8943
3960
1646
6145
5667
2547
575
754
8510
4968
7454
6782
8327
7041
4794
4901
2647
5207
6034
7941
8704
8949
1362
2581
9502
5685
7917
6345
4364
5913
8406
9670
8942
8614
7148
4839
7680
541
2273
5006
9135
8587
7471
6589
8818
465
9197
7639
6259
4184
