49981
49959
49942
49939
49932
49932
49929
49916
49907
49897
49897
49884
49873
49864
49842
49836
49835
49831
49820
49819
49813
49800
49800
49796
49757
49737
49735
49718
49677
49675
49667
49663
49634
49618
49605
49597
49596
49591
49588
49566
49564
49560
49557
49557
49557
49552
49548
49540
49522
49518
49497
49483
49479
49476
49474
49473
49460
49458
49443
49440
49439
49434
49405
49396
49362
49347
49337
49330
49319
49311
49310
49303
49295
49283
49278
49261
49249
49248
49199
49199
49199
49192
49173
49155
49150
49139
49135
49124
49081
49075
49051
49041
49027
49020
49015
49011
49007
48979
48964
48960
48947
48942
48939
48935
48930
48926
48912
48912
48894
48887
48862
48851
48813
48810
48809
48802
48793
48786
48776
48750
48730
48730
48725
48723
48699
48697
48694
48693
48691
48687
48683
48681
48677
48673
48662
48646
48630
48630
48630
48625
48620
48609
48604
48595
48594
48594
48587
48557
48546
48540
48530
48517
48509
48499
48495
48476
48476
48460
48458
48452
48450
48437
48423
48422
48411
48405
48401
48392
48381
48343
48329
48324
48323
48309
48306
48296
48282
48277
48267
48254
48243
48241
48223
48183
48177
48152
48122
48115
48102
48100
48097
48058
48050
48036
48035
48025
48021
47968
47947
47924
47901
47889
47867
47858
47854
47840
47818
47817
47816
47810
47804
47802
47797
47779
47772
47768
47755
47750
47732
47729
47727
47710
47705
47684
47681
47677
47669
47664
47659
47653
47641
47627
47623
47622
47612
47589
47589
47584
47571
47568
47549
47541
47532
47518
47478
47472
47470
47452
47442
47432
47421
47419
47413
47399
47396
47394
47394
47392
47392
47366
47364
47360
47350
47296
47277
47272
47271
47257
47244
47224
47222
47220
47203
47195
47192
47189
47184
47172
47136
47121
47112
47106
47098
47090
47081
47074
47043
47039
47036
47027
47025
47016
46981
46964
46945
46930
46930
46919
46917
46909
46905
46903
46892
46858
46855
46850
46830
46827
46827
46789
46788
46780
46773
46758
46749
46717
46693
46671
46658
46650
46643
46623
46621
46608
46608
46604
46587
46576
46569
46567
46550
46548
46535
46533
46525
46515
46485
46476
46476
46467
46466
46458
46455
46441
46433
46419
46401
46400
46399
46397
46375
46354
46347
46333
46319
46311
46299
46298
46297
46273
46254
46252
46229
46211
46204
46200
46191
46188
46180
46175
46159
46146
46134
46133
46124
46122
46120
46113
46111
46111
46088
46077
46049
46040
46040
46038
46020
46011
46010
45989
45988
45968
45964
45963
45962
45951
45944
45917
45917
45913
45910
45909
45907
45887
45877
45862
45819
45813
45804
45785
45780
45760
45755
45748
45717
45710
45704
45695
45673
45668
45655
45634
45632
45631
45631
45609
45607
45605
45601
45600
45589
45589
45585
45567
45567
45556
45547
45530
45528
45491
45470
45457
45447
45438
45424
45421
45413
45405
45388
45375
45373
45338
45330
45308
45306
45300
45275
45265
45258
45254
45247
45246
45237
45220
45211
45211
45209
45205
45205
45173
45171
45161
45159
45158
45154
45153
45151
45139
45134
45134
45120
45116
45101
45072
45058
45046
45032
45025
44989
44982
44966
44964
44955
44953
44947
44943
44927
44925
44922
44914
44914
44912
44906
44887
44878
44871
44848
44845
44840
44816
44809
44793
44789
44786
44782
44782
44767
44723
44709
44681
44672
44670
44616
44614
44613
44605
44604
44596
44596
44573
44565
44561
44557
44557
44556
44552
44546
44522
44517
44507
44464
44422
44374
44348
44348
44345
44344
44344
44336
44332
44290
44287
44274
44271
44267
44254
44240
44239
44214
44213
44212
44190
44186
44183
44177
44170
44150
44147
44139
44128
44123
44109
44098
44078
44076
44071
44055
43990
43989
43968
43927
43923
43917
43914
43901
43899
43889
43889
43861
43854
43844
43842
43835
43822
43822
43807
43800
43796
43796
43757
43756
43744
43743
43732
43725
43712
43705
43699
43682
43674
43663
43651
43644
43639
43632
43628
43627
43624
43622
43620
43613
43609
43595
43576
43553
43531
43522
43517
43517
43515
43504
43486
43476
43461
43448
43440
43422
43408
43385
43383
43366
43363
43356
43331
43330
43325
43317
43310
43310
43307
43302
43286
43276
43274
43263
43247
43242
43236
43234
43219
43218
43217
43213
43211
43184
43174
43170
43162
43155
43151
43145
43136
43136
43134
43111
43102
43092
43087
43080
43072
43061
43057
43052
43035
43030
43024
43019
43002
43002
43001
42999
42989
42986
42973
42952
42951
42947
42932
42927
42921
42914
42902
42896
42889
42882
42860
42855
42853
42841
42830
42822
42815
42793
42782
42773
42744
42743
42732
42721
42712
42711
42701
42700
42695
42678
42675
42669
42668
42660
42649
42643
42637
42620
42611
42609
42603
42603
42599
42581
42549
42545
42545
42539
42533
42527
42509
42502
42493
42488
42481
42477
42471
42468
42464
42461
42457
42451
42446
42441
42440
42427
42399
42396
42396
42394
42386
42384
42361
42351
42350
42348
42340
42339
42324
42320
42306
42299
42293
42289
42262
42255
42253
42248
42247
42245
42241
42238
42225
42220
42219
42218
42184
42173
42159
42157
42137
42127
42123
42112
42084
42081
42071
42064
42056
42034
42031
42015
41974
41964
41937
41935
41927
41921
41909
41900
41887
41879
41855
41853
41839
41836
41836
41832
41815
41811
41802
41799
41797
41794
41786
41775
41760
41727
41722
41721
41719
41715
41698
41685
41671
41644
41643
41640
41606
41605
41594
41593
41586
41584
41581
41558
41558
41555
41552
41525
41516
41515
41502
41497
41468
41456
41441
41435
41434
41421
41420
41418
41414
41407
41398
41392
41392
41374
41373
41341
41330
41328
41318
41305
41281
41271
41269
41265
41251
41237
41233
41233
41230
41225
41214
41203
41193
41189
41171
41170
41170
41151
41145
41101
41091
41072
41068
41057
41047
41021
41020
41002
40981
40964
40936
40919
40911
40900
40879
40878
40859
40853
40842
40838
40836
40835
40818
40815
40779
40774
40759
40752
40751
40749
40735
40732
40713
40710
40687
40686
40672
40666
40661
40650
40645
40642
40629
40617
40614
40595
40595
40593
40586
40583
40556
40539
40532
40522
40511
40511
40510
40509
40490
40483
40482
40474
40456
40448
40446
40439
40434
40432
40430
40404
40401
40390
40387
40383
40375
40364
40350
40342
40306
40302
40286
40284
40283
40282
40280
40271
40268
40267
40254
40254
40254
40242
40222
40213
40209
40203
40198
40184
40177
40109
40106
40096
40068
40063
40062
40041
40036
40027
40015
40009
39986
39981
39975
39973
39970
39965
39949
39940
39936
39927
39917
39913
39894
39889
39867
39859
39859
39854
39852
39841
39833
39831
39811
39799
39798
39786
39777
39764
39746
39742
39726
39718
39712
39703
39677
39673
39652
39633
39633
39630
39630
39629
39617
39613
39606
39568
39545
39542
39536
39521
39519
39513
39499
39497
39466
39464
39462
39456
39456
39446
39443
39431
39424
39399
39390
39383
39376
39347
39335
39309
39278
39264
39260
39243
39227
39218
39216
39210
39208
39201
39178
39176
39159
39155
39148
39135
39130
39115
39114
39111
39105
39100
39099
39096
39094
39094
39075
39060
39049
39049
39012
39008
38985
38973
38968
38968
38966
38940
38925
38907
38885
38860
38855
38836
38833
38832
38827
38800
38798
38783
38772
38768
38742
38724
38711
38708
38707
38701
38699
38698
38677
38674
38671
38665
38654
38644
38620
38604
38587
38585
38579
38579
38579
38567
38561
38552
38547
38534
38522
38517
38510
38482
38480
38461
38460
38460
38435
38433
38407
38378
38376
38372
38368
38362
38352
38331
38323
38308
38300
38299
38296
38286
38265
38265
38241
38240
38235
38231
38230
38217
38199
38195
38192
38180
38173
38169
38152
38143
38135
38108
38107
38105
38098
38093
38091
38081
38073
38071
38068
38050
38050
38048
38036
38034
38013
37982
37976
37957
37956
37943
37927
37925
37918
37916
37908
37890
37886
37882
37875
37873
37863
37831
37817
37804
37792
37779
37757
37751
37730
37723
37711
37710
37682
37670
37670
37661
37647
37635
37628
37603
37549
37539
37526
37521
37520
37496
37481
37479
37456
37425
37415
37414
37401
37400
37399
37391
37383
37380
37370
37368
37365
37352
37348
37347
37338
37330
37324
37322
37318
37311
37308
37275
37272
37261
37261
37256
37252
37245
37223
37209
37207
37193
37192
37181
37178
37173
37172
37169
37138
37102
37071
37058
37046
37038
37035
37025
37018
37012
37001
36981
36977
36976
36972
36939
36937
36934
36932
36927
36923
36906
36881
36879
36836
36821
36817
36804
36801
36778
36768
36765
36756
36756
36712
36710
36703
36682
36671
36658
36650
36627
36605
36596
36571
36568
36568
36540
36504
36492
36488
36485
36477
36461
36439
36421
36395
36374
36365
36359
36345
36345
36345
36340
36337
36322
36317
36309
36297
36281
36262
36248
36238
36237
36209
36201
36194
36190
36189
36187
36155
36151
36139
36121
36112
36103
36097
36092
36084
36067
36066
36046
36019
36009
36005
36003
36000
35955
35945
35933
35922
35888
35884
35882
35882
35871
35869
35851
35851
35849
35832
35830
35819
35813
35802
35797
35791
35788
35767
35766
35760
35743
35741
35741
35736
35728
35726
35722
35713
35690
35653
35647
35644
35615
35615
35590
35587
35574
35567
35565
35551
35537
35519
35504
35498
35497
35477
35459
35452
35432
35431
35410
35405
35403
35403
35402
35384
35345
35343
35326
35321
35311
35307
35298
35287
35269
35254
35253
35247
35227
35223
35203
35202
35194
35188
35184
35170
35170
35152
35138
35133
35113
35112
35103
35094
35091
35079
35077
35068
35062
35054
35049
35011
35009
34996
34981
34971
34966
34961
34951
34947
34941
34916
34908
34907
34902
34890
34887
34880
34875
34870
34839
34833
34816
34815
34806
34798
34783
34780
34765
34761
34754
34748
34741
34731
34718
34715
34711
34709
34698
34691
34666
34647
34636
34614
34614
34598
34574
34573
34551
34549
34537
34536
34525
34524
34524
34518
34460
34448
34442
34439
34437
34435
34416
34411
34403
34397
34387
34375
34359
34358
34341
34341
34340
34334
34326
34323
34310
34310
34308
34293
34287
34278
34275
34274
34272
34269
34249
34249
34244
34243
34217
34213
34207
34191
34174
34173
34162
34139
34081
34081
34066
34043
34042
34041
34040
34027
34024
34021
33999
33984
33949
33925
33922
33918
33910
33909
33891
33877
33843
33833
33819
33810
33807
33797
33795
33782
33777
33777
33768
33765
33761
33759
33756
33744
33739
33719
33717
33717
33693
33683
33682
33678
33654
33647
33638
33606
33601
33589
33576
33570
33537
33535
33530
33515
33503
33476
33476
33462
33457
33433
33393
33363
33356
33355
33350
33338
33334
33324
33296
33281
33270
33245
33239
33237
33236
33230
33220
33178
33167
33149
33126
33109
33080
33075
33071
33066
33064
33059
33058
33050
33049
33031
33005
33003
33001
32996
32991
32983
32959
32932
32925
32923
32917
32903
32891
32885
32875
32859
32858
32855
32849
32815
32802
32783
32781
32769
32755
32748
32744
32742
32742
32723
32705
32692
32690
32689
32677
32664
32647
32637
32634
32610
32608
32604
32602
32595
32590
32584
32579
32557
32552
32547
32529
32527
32498
32494
32492
32490
32488
32487
32481
32456
32455
32435
32430
32417
32403
32401
32378
32366
32356
32354
32351
32340
32339
32330
32325
32316
32313
32304
32302
32292
32263
32261
32228
32221
32213
32211
32204
32197
32196
32185
32177
32173
32152
32150
32148
32146
32131
32107
32100
32089
32087
32071
32047
32046
32040
31990
31983
31979
31975
31974
31970
31968
31966
31958
31952
31949
31945
31942
31942
31938
31934
31932
31905
31898
31897
31896
31877
31870
31863
31860
31853
31847
31807
31761
31754
31754
31753
31752
31740
31732
31728
31726
31716
31710
31697
31682
31678
31674
31661
31654
31625
31623
31620
31617
31610
31604
31596
31591
31568
31566
31559
31538
31536
31531
31527
31514
31498
31493
31470
31464
31456
31456
31449
31445
31443
31438
31425
31422
31388
31387
31380
31357
31347
31326
31310
31292
31283
31283
31282
31282
31274
31272
31252
31245
31243
31242
31239
31233
31222
31210
31206
31188
31179
31158
31142
31123
31116
31090
31082
31077
31041
31031
31029
31026
31009
31009
30997
30994
30985
30974
30970
30967
30955
30942
30922
30909
30862
30855
30854
30848
30847
30847
30832
30824
30809
30808
30804
30798
30782
30735
30727
30719
30707
30701
30701
30696
30695
30683
30679
30678
30675
30668
30620
30617
30605
30601
30596
30587
30566
30551
30520
30516
30500
30494
30465
30464
30463
30450
30448
30446
30444
30430
30422
30406
30388
30387
30378
30374
30373
30373
30371
30362
30349
30348
30348
30306
30305
30288
30272
30266
30259
30258
30254
30253
30245
30241
30236
30220
30215
30213
30203
30203
30201
30199
30177
30153
30147
30141
30133
30122
30112
30105
30102
30083
30078
30077
30072
30048
30025
30018
30006
29993
29986
29954
29950
29944
29921
29904
29896
29893
29878
29876
29865
29864
29863
29858
29842
29840
29835
29830
29825
29801
29791
29777
29769
29766
29757
29748
29739
29730
29725
29684
29680
29665
29653
29583
29575
29569
29564
29558
29554
29550
29549
29545
29539
29520
29510
29510
29503
29501
29448
29441
29441
29419
29392
29389
29371
29367
29355
29346
29324
29301
29275
29264
29263
29262
29238
29214
29199
29186
29165
29164
29154
29137
29127
29116
29114
29106
29100
29086
29081
29080
29078
29071
29069
29067
29064
29049
29042
29039
28988
28981
28971
28956
28952
28933
28911
28906
28899
28858
28842
28830
28813
28812
28811
28805
28804
28757
28750
28745
28741
28731
28710
28695
28692
28670
28665
28662
28632
28632
28623
28621
28606
28573
28556
28534
28533
28507
28507
28498
28498
28494
28466
28459
28439
28426
28408
28403
28380
28365
28363
28356
28348
28343
28341
28334
28324
28324
28307
28303
28294
28286
28278
28276
28269
28267
28255
28250
28249
28239
28213
28199
28192
28186
28170
28164
28163
28162
28153
28149
28149
28148
28145
28143
28126
28121
28106
28102
28100
28089
28040
28017
28013
28000
27970
27967
27966
27932
27931
27925
27914
27903
27894
27885
27868
27849
27848
27826
27777
27777
27776
27769
27733
27713
27681
27677
27665
27664
27642
27637
27635
27633
27618
27613
27609
27601
27591
27579
27557
27554
27545
27539
27538
27517
27501
27500
27479
27477
27476
27464
27463
27455
27435
27432
27406
27405
27403
27392
27375
27375
27367
27347
27334
27325
27321
27314
27306
27305
27301
27301
27296
27289
27287
27252
27250
27241
27222
27204
27201
27201
27186
27163
27146
27145
27142
27134
27094
27092
27082
27062
27058
27039
27033
27021
26980
26979
26972
26971
26970
26944
26938
26922
26918
26912
26896
26880
26864
26855
26854
26852
26844
26843
26832
26829
26827
26812
26801
26799
26799
26769
26759
26757
26743
26742
26741
26739
26731
26705
26701
26699
26698
26685
26682
26678
26663
26645
26644
26624
26609
26591
26573
26541
26540
26539
26516
26512
26502
26498
26492
26486
26476
26473
26438
26418
26413
26411
26346
26339
26337
26335
26323
26315
26281
26264
26263
26258
26255
26236
26213
26174
26159
26151
26130
26122
26119
26117
26106
26102
26041
26030
26021
26015
26006
26002
25998
25987
25984
25980
25976
25967
25967
25961
25946
25938
25917
25907
25895
25889
25889
25886
25870
25870
25865
25861
25852
25845
25842
25829
25821
25808
25807
25806
25800
25796
25794
25787
25767
25767
25752
25750
25734
25710
25702
25700
25697
25695
25676
25674
25658
25655
25637
25636
25634
25634
25598
25583
25567
25558
25555
25551
25539
25531
25519
25508
25485
25485
25443
25432
25421
25406
25402
25402
25397
25397
25395
25380
25376
25369
25360
25359
25355
25345
25344
25343
25328
25304
25288
25256
25245
25231
25231
25224
25222
25220
25215
25198
25196
25194
25163
25156
25154
25141
25131
25120
25118
25092
25089
25088
25077
25063
25051
25044
25005
24992
24967
24965
24956
24954
24951
24935
24929
24886
24883
24879
24874
24868
24867
24860
24837
24813
24805
24784
24760
24754
24744
24717
24714
24707
24704
24704
24703
24689
24683
24669
24660
24652
24650
24624
24622
24613
24608
24601
24566
24561
24556
24551
24522
24517
24516
24510
24509
24497
24474
24448
24447
24443
24442
24433
24428
24423
24419
24418
24415
24410
24408
24402
24393
24390
24381
24351
24345
24334
24323
24312
24299
24283
24273
24273
24260
24256
24255
24252
24248
24242
24238
24232
24227
24195
24184
24182
24138
24106
24102
24098
24098
24097
24097
24091
24090
24085
24067
24062
24046
24028
24005
24002
23986
23985
23976
23976
23969
23966
23966
23957
23946
23938
23931
23927
23920
23914
23907
23893
23891
23879
23873
23858
23857
23848
23842
23830
23828
23827
23812
23802
23746
23743
23732
23726
23726
23720
23697
23686
23675
23669
23644
23640
23640
23636
23577
23570
23566
23545
23537
23522
23510
23507
23499
23498
23492
23492
23482
23479
23477
23472
23462
23449
23436
23433
23433
23431
23400
23396
23389
23376
23371
23368
23368
23356
23346
23332
23326
23293
23287
23278
23262
23254
23251
23248
23230
23224
23215
23205
23198
23197
23175
23171
23168
23164
23146
23146
23143
23129
23119
23118
23108
23098
23091
23072
23067
23063
23063
23056
23054
23039
23023
23022
23021
23018
23009
23007
22996
22995
22995
22991
22966
22919
22913
22877
22870
22868
22863
22857
22842
22830
22830
22827
22805
22794
22794
22792
22787
22775
22771
22757
22750
22745
22737
22731
22721
22705
22696
22676
22672
22661
22649
22632
22631
22629
22595
22593
22557
22544
22540
22540
22511
22509
22509
22507
22466
22465
22444
22443
22441
22428
22421
22419
22407
22373
22372
22362
22362
22340
22338
22337
22334
22331
22323
22319
22314
22304
22300
22281
22274
22264
22256
22242
22233
22210
22201
22185
22180
22165
22155
22142
22136
22124
22122
22116
22091
22089
22077
22037
22033
22028
22008
21992
21989
21980
21959
21951
21949
21929
21910
21906
21905
21905
21899
21894
21892
21881
21866
21865
21840
21826
21813
21812
21796
21782
21779
21768
21763
21759
21754
21741
21733
21732
21721
21685
21683
21682
21677
21664
21649
21624
21615
21608
21605
21600
21596
21594
21585
21570
21568
21560
21557
21545
21539
21530
21529
21520
21511
21506
21492
21491
21475
21467
21466
21414
21395
21376
21369
21358
21348
21343
21342
21328
21325
21299
21279
21270
21269
21263
21250
21237
21198
21194
21192
21179
21178
21156
21142
21128
21116
21104
21100
21092
21079
21075
21065
21063
21052
21048
21017
21016
20993
20988
20987
20976
20963
20958
20957
20929
20900
20881
20870
20864
20862
20848
20827
20795
20788
20784
20784
20764
20754
20732
20730
20726
20716
20702
20701
20687
20676
20673
20665
20650
20639
20628
20621
20610
20592
20592
20589
20558
20553
20552
20543
20530
20499
20491
20480
20449
20442
20441
20437
20430
20425
20418
20402
20379
20368
20334
20322
20306
20290
20283
20272
20267
20263
20254
20247
20241
20224
20212
20158
20146
20138
20136
20135
20126
20125
20100
20089
20083
20064
20061
20057
20048
20047
20040
20035
20034
20030
20028
20026
20024
20021
20018
20018
20018
20012
20003
20000
20000
20000
19996
19965
19940
19931
19931
19920
19903
19885
19879
19862
19856
19845
19844
19815
19813
19799
19797
19793
19784
19766
19725
19724
19696
19690
19670
19666
19661
19648
19628
19623
19616
19615
19613
19597
19584
19570
19564
19561
19551
19537
19536
19532
19527
19523
19501
19496
19458
19455
19449
19414
19411
19406
19403
19398
19380
19375
19363
19357
19314
19309
19301
19289
19279
19259
19241
19240
19235
19229
19215
19214
19209
19208
19206
19190
19179
19149
19144
19144
19126
19125
19114
19113
19094
19083
19059
19056
19026
19024
19021
19020
19020
19006
18989
18984
18979
18974
18958
18957
18944
18941
18905
18873
18832
18829
18821
18819
18789
18758
18747
18741
18738
18737
18737
18736
18734
18716
18701
18691
18677
18674
18665
18631
18616
18612
18574
18563
18560
18555
18552
18551
18543
18533
18518
18513
18513
18512
18511
18503
18503
18474
18432
18411
18406
18399
18387
18379
18378
18371
18370
18369
18350
18345
18341
18337
18332
18318
18311
18307
18298
18292
18288
18282
18268
18254
18247
18238
18234
18194
18163
18150
18142
18133
18124
18111
18106
18080
18065
18052
18049
18047
18016
18012
18009
17998
17995
17984
17981
17970
17967
17967
17964
17959
17959
17948
17936
17929
17925
17923
17922
17912
17907
17894
17894
17887
17882
17882
17864
17864
17861
17855
17850
17848
17847
17824
17811
17808
17768
17756
17750
17740
17729
17721
17712
17693
17689
17685
17670
17668
17656
17645
17611
17585
17565
17546
17538
17530
17512
17511
17500
17475
17464
17462
17451
17436
17431
17427
17423
17423
17411
17406
17398
17388
17384
17345
17340
17322
17311
17287
17276
17270
17263
17242
17241
17231
17229
17215
17208
17205
17197
17193
17191
17185
17185
17176
17172
17170
17165
17155
17132
17124
17102
17089
17065
17062
17060
17056
17045
17041
17029
17021
17010
17009
17006
17002
17001
16999
16990
16965
16964
16963
16950
16944
16942
16932
16918
16910
16869
16865
16847
16816
16808
16802
16799
16798
16790
16777
16770
16770
16759
16747
16739
16733
16726
16721
16713
16708
16685
16680
16676
16675
16670
16670
16665
16653
16631
16612
16604
16578
16575
16565
16564
16559
16538
16522
16516
16505
16478
16476
16453
16433
16431
16427
16406
16398
16396
16377
16373
16372
16365
16350
16337
16330
16319
16300
16299
16294
16287
16277
16238
16232
16230
16212
16209
16202
16193
16186
16179
16167
16163
16145
16137
16127
16124
16115
16103
16093
16092
16068
16053
16044
16040
16039
16028
16022
16020
16009
15997
15997
15993
15988
15966
15966
15958
15955
15946
15932
15922
15922
15918
15917
15895
15892
15887
15874
15868
15847
15827
15813
15806
15800
15790
15785
15785
15783
15779
15770
15764
15753
15748
15699
15688
15686
15683
15678
15675
15648
15636
15598
15586
15586
15562
15540
15525
15516
15504
15503
15503
15495
15492
15469
15463
15453
15451
15438
15433
15430
15416
15414
15410
15405
15401
15397
15383
15370
15369
15364
15358
15358
15354
15332
15325
15293
15276
15265
15262
15251
15235
15230
15228
15213
15213
15207
15182
15179
15164
15155
15154
15154
15141
15130
15126
15115
15102
15094
15090
15088
15082
15039
15023
15002
14996
14987
14952
14938
14893
14880
14879
14877
14875
14862
14855
14853
14831
14827
14823
14807
14782
14773
14734
14732
14723
14713
14698
14690
14680
14670
14668
14663
14627
14626
14620
14615
14609
14609
14600
14576
14566
14562
14522
14515
14512
14511
14504
14499
14497
14494
14492
14487
14475
14465
14464
14428
14420
14409
14409
14386
14372
14347
14345
14344
14342
14340
14336
14335
14314
14312
14309
14306
14302
14293
14283
14282
14273
14267
14266
14263
14261
14261
14257
14251
14246
14246
14238
14236
14216
14212
14211
14205
14204
14199
14177
14173
14164
14134
14134
14131
14121
14113
14113
14110
14097
14093
14090
14074
14059
14055
14053
14050
14049
14032
14029
14029
14025
14013
14007
14002
13981
13957
13950
13939
13930
13929
13927
13926
13919
13879
13852
13847
13792
13788
13787
13780
13780
13771
13768
13768
13759
13752
13738
13735
13732
13724
13721
13721
13720
13714
13713
13713
13710
13703
13684
13635
13620
13613
13610
13599
13596
13591
13587
13550
13544
13531
13527
13519
13495
13489
13488
13483
13474
13471
13468
13440
13428
13420
13387
13378
13376
13369
13361
13356
13331
13322
13318
13302
13298
13285
13280
13271
13265
13263
13246
13235
13235
13223
13216
13208
13199
13191
13187
13184
13181
13180
13163
13161
13161
13146
13145
13144
13142
13142
13133
13131
13128
13116
13112
13100
13096
13092
13079
13073
13058
13029
13017
12993
12980
12966
12951
12890
12874
12870
12841
12840
12834
12830
12829
12814
12786
12782
12751
12736
12713
12710
12701
12695
12689
12687
12685
12676
12665
12657
12645
12642
12641
12637
12629
12628
12626
12615
12615
12581
12569
12567
12565
12552
12542
12540
12524
12490
12483
12454
12443
12437
12414
12406
12404
12398
12384
12376
12365
12356
12354
12348
12309
12307
12293
12260
12255
12249
12242
12235
12234
12231
12226
12209
12209
12203
12194
12182
12155
12153
12139
12134
12131
12129
12125
12116
12114
12111
12108
12102
12082
12052
12048
12045
12045
12045
12042
12023
12023
12017
12002
12001
11973
11943
11941
11916
11913
11903
11894
11876
11853
11845
11845
11838
11828
11825
11825
11809
11788
11786
11778
11763
11741
11729
11724
11716
11715
11698
11697
11691
11672
11662
11657
11651
11611
11608
11576
11546
11542
11518
11511
11507
11497
11494
11493
11480
11475
11475
11471
11464
11460
11455
11449
11442
11422
11418
11415
11414
11411
11401
11394
11354
11344
11341
11332
11329
11327
11287
11275
11266
11265
11253
11243
11239
11237
11225
11206
11200
11197
11183
11175
11175
11166
11137
11133
11102
11096
11070
11059
11041
11036
11028
11006
10999
10995
10971
10966
10948
10946
10943
10938
10914
10906
10881
10879
10876
10868
10838
10836
10832
10828
10825
10812
10812
10800
10796
10795
10793
10768
10741
10739
10734
10718
10711
10711
10710
10706
10697
10691
10685
10683
10673
10672
10660
10659
10622
10612
10610
10601
10594
10593
10579
10559
10555
10548
10531
10500
10492
10486
10441
10441
10433
10417
10411
10391
10366
10352
10322
10319
10311
10281
10273
10260
10232
10206
10195
10189
10186
10184
10167
10167
10162
10150
10148
10142
10138
10137
10115
10111
10086
10076
10072
10057
10047
10014
10013
10010
10005
9979
9977
9966
9943
9939
9929
9927
9925
9919
9918
9914
9912
9911
9908
9907
9906
9896
9882
9880
9871
9869
9868
9863
9855
9855
9838
9831
9821
9807
9797
9777
9759
9757
9757
9744
9738
9715
9714
9709
9682
9669
9660
9652
9628
9626
9610
9606
9571
9561
9525
9488
9485
9482
9480
9462
9458
9458
9444
9443
9426
9424
9419
9419
9412
9392
9382
9367
9366
9363
9361
9355
9314
9291
9253
9250
9249
9238
9237
9229
9207
9198
9190
9186
9174
9167
9135
9098
9096
9094
9087
9074
9068
9055
9047
9043
9013
9012
8996
8992
8991
8990
8984
8983
8979
8975
8975
8942
8919
8897
8888
8886
8840
8820
8810
8802
8776
8774
8762
8761
8734
8725
8685
8683
8679
8675
8663
8638
8629
8625
8625
8620
8602
8599
8586
8580
8577
8576
8574
8574
8573
8566
8560
8556
8545
8526
8522
8519
8515
8498
8474
8472
8468
8445
8435
8414
8408
8405
8405
8388
8388
8379
8375
8375
8373
8372
8317
8310
8303
8293
8282
8250
8245
8244
8181
8156
8148
8124
8120
8120
8113
8103
8100
8098
8090
8074
8064
8055
8039
8027
8020
8008
7997
7934
7928
7925
7899
7891
7885
7871
7866
7861
7861
7853
7838
7817
7809
7790
7776
7772
7757
7752
7738
7737
7734
7730
7725
7722
7696
7692
7672
7647
7637
7635
7635
7614
7607
7606
7602
7600
7588
7580
7576
7572
7567
7555
7551
7546
7545
7538
7535
7521
7521
7519
7516
7514
7506
7489
7465
7444
7420
7416
7403
7400
7367
7362
7349
7348
7330
7276
7273
7272
7259
7259
7211
7211
7173
7172
7160
7153
7146
7127
7122
7122
7119
7114
7106
7049
7046
7038
7037
7036
7031
7029
7029
7018
7008
6999
6997
6958
6937
6937
6936
6921
6921
6917
6904
6884
6871
6869
6868
6860
6854
6853
6853
6846
6817
6814
6802
6795
6767
6754
6753
6751
6746
6740
6739
6734
6732
6725
6701
6694
6682
6664
6632
6612
6599
6599
6598
6585
6585
6580
6551
6522
6515
6510
6509
6497
6487
6452
6428
6416
6412
6399
6393
6383
6369
6367
6360
6339
6339
6339
6322
6317
6316
6311
6301
6290
6287
6273
6261
6240
6238
6222
6220
6215
6213
6205
6187
6177
6173
6149
6130
6117
6113
6110
6100
6094
6094
6092
6092
6091
6084
6066
6046
6024
6018
6018
6011
5998
5995
5986
5984
5981
5980
5962
5958
5957
5951
5950
5949
5941
5937
5935
5923
5912
5890
5877
5876
5865
5865
5863
5852
5843
5838
5837
5833
5831
5829
5809
5797
5770
5727
5720
5719
5709
5697
5656
5655
5652
5640
5640
5638
5633
5632
5629
5625
5599
5575
5568
5558
5541
5538
5528
5503
5495
5491
5478
5464
5405
5401
5394
5392
5377
5373
5362
5362
5358
5350
5348
5323
5318
5317
5312
5306
5304
5298
5276
5259
5236
5230
5211
5201
5196
5196
5196
5194
5173
5172
5159
5156
5150
5149
5147
5140
5114
5078
5075
5062
5060
5055
5038
5033
5032
5022
5020
5005
4983
4972
4969
4967
4946
4938
4927
4926
4926
4924
4918
4894
4873
4862
4858
4843
4837
4834
4832
4771
4764
4760
4743
4739
4700
4653
4643
4631
4617
4617
4603
4596
4592
4588
4582
4577
4574
4534
4528
4521
4514
4510
4509
4507
4506
4502
4488
4479
4474
4453
4449
4401
4397
4386
4383
4369
4364
4362
4353
4351
4343
4327
4322
4316
4313
4312
4295
4289
4266
4265
4246
4245
4235
4202
4201
4197
4182
4176
4172
4141
4137
4127
4120
4116
4107
4095
4085
4076
4071
4070
4057
4047
4034
4032
4030
4016
4012
4008
3999
3998
3995
3989
3987
3977
3960
3957
3945
3928
3904
3893
3879
3869
3864
3860
3858
3858
3854
3853
3846
3838
3811
3808
3803
3786
3784
3778
3772
3769
3768
3753
3751
3740
3738
3730
3727
3709
3707
3694
3690
3685
3682
3676
3652
3639
3635
3632
3620
3613
3602
3586
3582
3579
3540
3523
3514
3496
3485
3485
3484
3480
3444
3443
3440
3426
3425
3423
3398
3375
3374
3361
3336
3326
3286
3281
3277
3273
3265
3258
3254
3246
3243
3243
3232
3231
3214
3210
3209
3196
3190
3186
3181
3167
3164
3128
3125
3110
3091
3088
3081
3079
3068
3063
3062
3049
3046
3039
3026
3025
3021
3012
3010
3009
3008
3008
2999
2995
2986
2965
2957
2935
2929
2926
2895
2883
2881
2873
2872
2863
2862
2860
2854
2850
2841
2824
2809
2799
2798
2783
2760
2758
2753
2747
2744
2743
2743
2736
2717
2700
2698
2694
2678
2676
2665
2650
2645
2636
2636
2635
2634
2619
2618
2617
2616
2611
2609
2607
2598
2585
2581
2578
2573
2564
2557
2545
2539
2527
2524
2519
2499
2498
2495
2494
2479
2478
2462
2459
2450
2427
2417
2402
2401
2346
2339
2330
2321
2317
2314
2308
2306
2290
2288
2284
2283
2259
2254
2212
2209
2197
2191
2187
2172
2148
2136
2125
2125
2110
2095
2073
2072
2055
2053
2052
2044
2004
2004
1968
1967
1955
1949
1938
1933
1929
1902
1875
1871
1868
1860
1852
1841
1834
1828
1827
1822
1806
1795
1769
1762
1758
1749
1743
1742
1735
1733
1725
1712
1696
1692
1684
1679
1677
1671
1665
1660
1650
1637
1627
1627
1624
1611
1602
1582
1577
1574
1566
1565
1547
1545
1519
1510
1480
1453
1452
1438
1435
1430
1428
1422
1412
1404
1398
1377
1343
1340
1333
1327
1318
1312
1311
1309
1307
1294
1287
1286
1278
1273
1253
1238
1234
1234
1227
1170
1151
1149
1148
1139
1120
1112
1081
1064
1064
1057
1053
1040
1015
1008
1000
990
985
980
974
965
964
914
868
865
856
838
834
831
794
776
762
751
746
736
736
728
724
719
699
694
694
676
660
610
604
587
586
583
566
559
548
530
520
504
480
476
476
450
392
384
379
378
377
370
364
361
354
348
329
314
312
312
304
303
256
238
226
219
216
190
184
175
156
144
134
130
123
110
86
82
79
68
53
29
18
12
10
9
8
8
